Step,Loss
1,-0.09822986274957657
2,-0.3310985863208771
3,-0.49050214886665344
4,-0.5120628476142883
5,-0.47286364436149597
6,-0.3778702914714813
7,-0.3139312267303467
8,-0.3215712010860443
9,-0.35901981592178345
10,-0.4636821746826172
11,-0.5007926225662231
12,-0.47965317964553833
13,-0.5353904366493225
14,-0.48840412497520447
15,-0.47074010968208313
16,-0.4421142041683197
17,-0.44111424684524536
18,-0.5029050707817078
19,-0.5038170218467712
20,-0.4936492145061493
21,-0.48985323309898376
22,-0.48947861790657043
23,-0.4775730073451996
24,-0.41959989070892334
25,-0.38332533836364746
26,-0.4125562906265259
27,-0.4098101258277893
28,-0.4040307402610779
29,-0.4067513644695282
30,-0.3965466618537903
31,-0.3647114336490631
32,-0.3109411895275116
33,-0.25364238023757935
34,-0.23041944205760956
35,-0.2530733048915863
36,-0.29688262939453125
37,-0.31750449538230896
38,-0.33668315410614014
39,-0.33939918875694275
40,-0.3327391445636749
41,-0.3313770294189453
42,-0.29681745171546936
43,-0.2795865535736084
44,-0.27301862835884094
45,-0.2937929630279541
46,-0.32034391164779663
47,-0.35132405161857605
48,-0.3742293119430542
49,-0.3808191120624542
50,-0.33467257022857666
51,-0.31088560819625854
52,-0.3366958796977997
53,-0.29982730746269226
54,-0.3162948191165924
55,-0.36773061752319336
56,-0.43973544239997864
57,-0.438341349363327
58,-0.3823148012161255
59,-0.323704332113266
60,-0.30875709652900696
61,-0.2849256992340088
62,-0.3018508553504944
63,-0.36498430371284485
64,-0.3901103138923645
65,-0.38969892263412476
66,-0.36755725741386414
67,-0.3562721908092499
68,-0.36659562587738037
69,-0.35223084688186646
70,-0.3437299132347107
71,-0.37426674365997314
72,-0.349391371011734
73,-0.3659745752811432
74,-0.3685637414455414
75,-0.3304700553417206
76,-0.2745058536529541
77,-0.2944817841053009
78,-0.29358798265457153
79,-0.42718228697776794
80,-0.42135828733444214
81,-0.35697996616363525
82,-0.28327256441116333
83,-0.32906195521354675
84,-0.4030342102050781
85,-0.37194040417671204
86,-0.2520867586135864
87,-0.25541430711746216
88,-0.4125664234161377
89,-0.41860151290893555
90,-0.27999603748321533
91,-0.2715029716491699
92,-0.33878862857818604
93,-0.37714213132858276
94,-0.3163151443004608
95,-0.29196497797966003
96,-0.32524803280830383
97,-0.27888739109039307
98,-0.3584342300891876
99,-0.37748444080352783
100,-0.3297320306301117
101,-0.4395796060562134
102,-0.24685774743556976
103,-0.30062901973724365
104,-0.3959372043609619
105,-0.4040724039077759
106,-0.2896002531051636
107,-0.32986679673194885
108,-0.35260921716690063
109,-0.33098721504211426
110,-0.4081718623638153
111,-0.3575865626335144
112,-0.4108545780181885
113,-0.33501186966896057
114,-0.37462711334228516
115,-0.382011741399765
116,-0.3523869216442108
117,-0.4811778664588928
118,-0.38666340708732605
119,-0.41917088627815247
120,-0.4666527807712555
121,-0.39573267102241516
122,-0.35082387924194336
123,-0.42701467871665955
124,-0.3713721036911011
125,-0.45477089285850525
126,-0.36625874042510986
127,-0.4527229070663452
128,-0.49727052450180054
129,-0.33968251943588257
130,-0.41046610474586487
131,-0.40049219131469727
132,-0.3622548580169678
133,-0.4386926293373108
134,-0.4044892489910126
135,-0.4130316972732544
136,-0.359186589717865
137,-0.3798310160636902
138,-0.4369962513446808
139,-0.37869757413864136
140,-0.48932451009750366
141,-0.4180488884449005
142,-0.4798419773578644
143,-0.5284543633460999
144,-0.3524521291255951
145,-0.4560970366001129
146,-0.6221557259559631
147,-0.4215777516365051
148,-0.5626378655433655
149,-0.5211880803108215
150,-0.35491520166397095
151,-0.4868262708187103
152,-0.4565209448337555
153,-0.4766139090061188
154,-0.5948676466941833
155,-0.4388388693332672
156,-0.3936287462711334
157,-0.4663150906562805
158,-0.44852691888809204
159,-0.4787635803222656
160,-0.4844069480895996
161,-0.4355706572532654
162,-0.5351850390434265
163,-0.5060288906097412
164,-0.421488881111145
165,-0.531856119632721
166,-0.4548158049583435
167,-0.34086400270462036
168,-0.4544796347618103
169,-0.4113773703575134
170,-0.5316464900970459
171,-0.34700387716293335
172,-0.4792289733886719
173,-0.49136674404144287
174,-0.3476739823818207
175,-0.5197753310203552
176,-0.423505961894989
177,-0.4147293269634247
178,-0.4817768335342407
179,-0.38979125022888184
180,-0.3528643846511841
181,-0.4764854609966278
182,-0.2582443356513977
183,-0.31875211000442505
184,-0.46515393257141113
185,-0.3839665353298187
186,-0.44959259033203125
187,-0.4526010751724243
188,-0.28442299365997314
189,-0.4149365723133087
190,-0.5087049603462219
191,-0.29438257217407227
192,-0.38637080788612366
193,-0.4619241952896118
194,-0.26617687940597534
195,-0.32075953483581543
196,-0.47684893012046814
197,-0.21805891394615173
198,-0.3593232035636902
199,-0.36768701672554016
200,-0.2607041299343109
201,-0.3514328598976135
202,-0.4015004336833954
203,-0.2667732834815979
204,-0.30946218967437744
205,-0.3688832223415375
206,-0.19824433326721191
207,-0.29770708084106445
208,-0.41313350200653076
209,-0.2150229960680008
210,-0.2380700409412384
211,-0.37255775928497314
212,-0.21730239689350128
213,-0.31509023904800415
214,-0.23087254166603088
215,-0.4098213016986847
216,-0.33011317253112793
217,-0.26257017254829407
218,-0.3327394127845764
219,-0.25312769412994385
220,-0.3302902579307556
221,-0.27809447050094604
222,-0.2739587128162384
223,-0.34790050983428955
224,-0.2908271849155426
225,-0.3157394826412201
226,-0.3574424684047699
227,-0.3255983591079712
228,-0.2645185589790344
229,-0.32844045758247375
230,-0.2615366280078888
231,-0.3071102201938629
232,-0.39283889532089233
233,-0.23210768401622772
234,-0.2606552839279175
235,-0.3748794496059418
236,-0.3809545040130615
237,-0.2126934826374054
238,-0.42372751235961914
239,-0.2530044615268707
240,-0.36106690764427185
241,-0.2991080582141876
242,-0.3109601140022278
243,-0.2912098467350006
244,-0.29835018515586853
245,-0.30842363834381104
246,-0.24364271759986877
247,-0.3324291408061981
248,-0.3555545210838318
249,-0.2624615430831909
250,-0.33498939871788025
251,-0.3963175415992737
252,-0.3301398754119873
253,-0.3593413531780243
254,-0.36907532811164856
255,-0.24995148181915283
256,-0.4118157625198364
257,-0.3599794805049896
258,-0.3244422376155853
259,-0.3869251310825348
260,-0.2872281074523926
261,-0.366283655166626
262,-0.30740511417388916
263,-0.38050785660743713
264,-0.290175199508667
265,-0.31526249647140503
266,-0.274936705827713
267,-0.4368308484554291
268,-0.30424654483795166
269,-0.4897015690803528
270,-0.3734743595123291
271,-0.2711547017097473
272,-0.3406321108341217
273,-0.18991497159004211
274,-0.3372863531112671
275,-0.3894556760787964
276,-0.259916752576828
277,-0.33321499824523926
278,-0.3956538438796997
279,-0.31285715103149414
280,-0.3684384822845459
281,-0.3336305320262909
282,-0.305123507976532
283,-0.37998777627944946
284,-0.3275145888328552
285,-0.31081897020339966
286,-0.36636313796043396
287,-0.39657899737358093
288,-0.24588382244110107
289,-0.40162310004234314
290,-0.3381699323654175
291,-0.3540506064891815
292,-0.4141108989715576
293,-0.28593897819519043
294,-0.25220900774002075
295,-0.3508910536766052
296,-0.2327500581741333
297,-0.4014900326728821
298,-0.25377094745635986
299,-0.3161182999610901
300,-0.29981517791748047
301,-0.29217299818992615
302,-0.3167651891708374
303,-0.32064908742904663
304,-0.31781136989593506
305,-0.3421897888183594
306,-0.2643091380596161
307,-0.38047879934310913
308,-0.3443777561187744
309,-0.27929258346557617
310,-0.3281973600387573
311,-0.18636110424995422
312,-0.32876551151275635
313,-0.3389119505882263
314,-0.24503293633460999
315,-0.330296128988266
316,-0.1439262330532074
317,-0.3972782492637634
318,-0.2996373474597931
319,-0.18275488913059235
320,-0.33319664001464844
321,-0.2852040231227875
322,-0.2734789252281189
323,-0.2723061442375183
324,-0.25431108474731445
325,-0.3086435794830322
326,-0.32295820116996765
327,-0.3540025055408478
328,-0.37437084317207336
329,-0.31810328364372253
330,-0.40785109996795654
331,-0.24095600843429565
332,-0.32837557792663574
333,-0.25648653507232666
334,-0.34161001443862915
335,-0.2926234006881714
336,-0.3270736038684845
337,-0.2765078544616699
338,-0.22469833493232727
339,-0.36884307861328125
340,-0.2845151126384735
341,-0.19529324769973755
342,-0.3480823040008545
343,-0.3556997776031494
344,-0.30506277084350586
345,-0.2303442656993866
346,-0.3142549395561218
347,-0.38506394624710083
348,-0.20839907228946686
349,-0.2526554763317108
350,-0.264936625957489
351,-0.27093401551246643
352,-0.2782839834690094
353,-0.22588764131069183
354,-0.30936193466186523
355,-0.22117292881011963
356,-0.2762286961078644
357,-0.22963392734527588
358,-0.2147880643606186
359,-0.31648674607276917
360,-0.17457608878612518
361,-0.3280419111251831
362,-0.26949071884155273
363,-0.20205441117286682
364,-0.34926536679267883
365,-0.30599260330200195
366,-0.2740667462348938
367,-0.3194713890552521
368,-0.2682238817214966
369,-0.31166768074035645
370,-0.30377447605133057
371,-0.34626054763793945
372,-0.412532240152359
373,-0.3157649636268616
374,-0.3922714591026306
375,-0.3169423043727875
376,-0.3535028100013733
377,-0.36017996072769165
378,-0.27871769666671753
379,-0.46439027786254883
380,-0.31595924496650696
381,-0.322321355342865
382,-0.3747856318950653
383,-0.2751949429512024
384,-0.45007213950157166
385,-0.29370832443237305
386,-0.4180707335472107
387,-0.20742623507976532
388,-0.33956679701805115
389,-0.39507585763931274
390,-0.3767326772212982
391,-0.32426169514656067
392,-0.2274690568447113
393,-0.38345733284950256
394,-0.25884485244750977
395,-0.35651278495788574
396,-0.27159085869789124
397,-0.3308214545249939
398,-0.3407837450504303
399,-0.22240407764911652
400,-0.42574506998062134
401,-0.28215423226356506
402,-0.2472974956035614
403,-0.31077083945274353
404,-0.2866910994052887
405,-0.4142940044403076
406,-0.31009751558303833
407,-0.3000795841217041
408,-0.470356285572052
409,-0.3899209797382355
410,-0.3599053621292114
411,-0.3608623147010803
412,-0.2972102165222168
413,-0.43181708455085754
414,-0.30836427211761475
415,-0.42516961693763733
416,-0.3451005816459656
417,-0.2603345513343811
418,-0.44210922718048096
419,-0.2863224446773529
420,-0.3231936991214752
421,-0.3718765377998352
422,-0.18617379665374756
423,-0.36037102341651917
424,-0.2105994075536728
425,-0.2932295501232147
426,-0.31037938594818115
427,-0.3031895160675049
428,-0.3523525595664978
429,-0.24327173829078674
430,-0.3466704487800598
431,-0.3291076123714447
432,-0.2835984528064728
433,-0.2959766387939453
434,-0.26626676321029663
435,-0.26892128586769104
436,-0.29432207345962524
437,-0.24805915355682373
438,-0.3281947672367096
439,-0.2845531404018402
440,-0.2855890393257141
441,-0.26805418729782104
442,-0.2068580538034439
443,-0.3484322726726532
444,-0.28613758087158203
445,-0.3746068775653839
446,-0.24225081503391266
447,-0.2739294767379761
448,-0.2995295524597168
449,-0.3422772288322449
450,-0.24792121350765228
451,-0.41570499539375305
452,-0.23788917064666748
453,-0.24520279467105865
454,-0.3980937600135803
455,-0.2628627121448517
456,-0.28879237174987793
457,-0.2608432173728943
458,-0.29280099272727966
459,-0.32087135314941406
460,-0.2173902690410614
461,-0.3535827696323395
462,-0.2651385962963104
463,-0.3689783811569214
464,-0.3056468069553375
465,-0.3709374964237213
466,-0.2997351884841919
467,-0.2137301117181778
468,-0.42986592650413513
469,-0.28771084547042847
470,-0.5132311582565308
471,-0.16690880060195923
472,-0.20959514379501343
473,-0.3354405164718628
474,-0.18595583736896515
475,-0.3642180562019348
476,-0.24958735704421997
477,-0.21626101434230804
478,-0.3200734853744507
479,-0.18610404431819916
480,-0.24880358576774597
481,-0.31709733605384827
482,-0.2213338315486908
483,-0.2637212872505188
484,-0.22389227151870728
485,-0.438446968793869
486,-0.13508039712905884
487,-0.30949336290359497
488,-0.3048611283302307
489,-0.19974106550216675
490,-0.3599417209625244
491,-0.2673771381378174
492,-0.3083494305610657
493,-0.27541249990463257
494,-0.2605404853820801
495,-0.30186784267425537
496,-0.1838642656803131
497,-0.2716978192329407
498,-0.2521167993545532
499,-0.24196532368659973
500,-0.308368057012558
501,-0.2675124704837799
502,-0.22411876916885376
503,-0.325998991727829
504,-0.2598460912704468
505,-0.2829297184944153
506,-0.29175546765327454
507,-0.35419267416000366
508,-0.29371532797813416
509,-0.2827829420566559
510,-0.357533723115921
511,-0.3014877736568451
512,-0.325305700302124
513,-0.34750089049339294
514,-0.34488245844841003
515,-0.32654470205307007
516,-0.30386197566986084
517,-0.30350005626678467
518,-0.3053138256072998
519,-0.3002779483795166
520,-0.39409342408180237
521,-0.2466311752796173
522,-0.3642288148403168
523,-0.1830993890762329
524,-0.22965219616889954
525,-0.2909654974937439
526,-0.27357906103134155
527,-0.390179842710495
528,-0.1792498230934143
529,-0.31402063369750977
530,-0.22329023480415344
531,-0.2647789716720581
532,-0.26682040095329285
533,-0.17607425153255463
534,-0.2936288118362427
535,-0.15477821230888367
536,-0.3298039138317108
537,-0.29565730690956116
538,-0.20600257813930511
539,-0.2821856439113617
540,-0.28875449299812317
541,-0.25055715441703796
542,-0.3139656186103821
543,-0.28190168738365173
544,-0.3595068156719208
545,-0.2630506455898285
546,-0.3247314691543579
547,-0.29449647665023804
548,-0.31299105286598206
549,-0.2873068153858185
550,-0.14173755049705505
551,-0.34413397312164307
552,-0.17718303203582764
553,-0.31468886137008667
554,-0.17347000539302826
555,-0.28819531202316284
556,-0.26977410912513733
557,-0.1945560872554779
558,-0.23298725485801697
559,-0.19076885282993317
560,-0.2930516302585602
561,-0.2950677275657654
562,-0.25041884183883667
563,-0.2775990962982178
564,-0.25423794984817505
565,-0.35792088508605957
566,-0.16529935598373413
567,-0.2685721516609192
568,-0.1766897439956665
569,-0.2825794517993927
570,-0.34683915972709656
571,-0.1915496587753296
572,-0.25596144795417786
573,-0.27046430110931396
574,-0.29424557089805603
575,-0.21236258745193481
576,-0.29420819878578186
577,-0.3067837655544281
578,-0.24890317022800446
579,-0.3296249210834503
580,-0.2535484731197357
581,-0.2748004198074341
582,-0.33712825179100037
583,-0.2724859118461609
584,-0.2981160581111908
585,-0.2272532880306244
586,-0.20464470982551575
587,-0.34070345759391785
588,-0.18396532535552979
589,-0.35422515869140625
590,-0.14375486969947815
591,-0.29736611247062683
592,-0.22984683513641357
593,-0.13383309543132782
594,-0.3352798819541931
595,-0.22288085520267487
596,-0.33793169260025024
597,-0.19022037088871002
598,-0.31067031621932983
599,-0.3047082722187042
600,-0.30108940601348877
601,-0.2898423373699188
602,-0.3172292113304138
603,-0.1524718552827835
604,-0.3228040635585785
605,-0.21844086050987244
606,-0.2569408416748047
607,-0.3296666145324707
608,-0.2212589830160141
609,-0.2238447219133377
610,-0.20936749875545502
611,-0.2503826320171356
612,-0.20873293280601501
613,-0.1618720293045044
614,-0.24534989893436432
615,-0.20775672793388367
616,-0.3787832260131836
617,-0.2877034842967987
618,-0.2248246967792511
619,-0.28306204080581665
620,-0.2844127118587494
621,-0.3403526544570923
622,-0.33122509717941284
623,-0.14111553132534027
624,-0.268170028924942
625,-0.19988808035850525
626,-0.23805223405361176
627,-0.22924186289310455
628,-0.22314627468585968
629,-0.23833227157592773
630,-0.20398259162902832
631,-0.21810223162174225
632,-0.3049760162830353
633,-0.23480482399463654
634,-0.29553353786468506
635,-0.23831956088542938
636,-0.22857175767421722
637,-0.2692410945892334
638,-0.2606399357318878
639,-0.27320462465286255
640,-0.21343322098255157
641,-0.22163724899291992
642,-0.35656827688217163
643,-0.29473814368247986
644,-0.18012897670269012
645,-0.25391390919685364
646,-0.1787065863609314
647,-0.2393854409456253
648,-0.26609569787979126
649,-0.23306792974472046
650,-0.17162461578845978
651,-0.26740768551826477
652,-0.2506742477416992
653,-0.3055693209171295
654,-0.24982231855392456
655,-0.3006386160850525
656,-0.19268721342086792
657,-0.26731356978416443
658,-0.2001882642507553
659,-0.2338884472846985
660,-0.271097868680954
661,-0.24898046255111694
662,-0.28397682309150696
663,-0.3054378628730774
664,-0.2294912040233612
665,-0.30174800753593445
666,-0.2964077889919281
667,-0.24787868559360504
668,-0.3293088972568512
669,-0.26624834537506104
670,-0.21483777463436127
671,-0.39158639311790466
672,-0.16812849044799805
673,-0.2973555326461792
674,-0.32521823048591614
675,-0.2535156309604645
676,-0.2743714153766632
677,-0.3607417941093445
678,-0.2975580394268036
679,-0.2855932116508484
680,-0.21913817524909973
681,-0.28958773612976074
682,-0.26940762996673584
683,-0.2164059281349182
684,-0.22501806914806366
685,-0.24453191459178925
686,-0.23759037256240845
687,-0.22863592207431793
688,-0.18452879786491394
689,-0.35864710807800293
690,-0.26233524084091187
691,-0.3243914842605591
692,-0.2754499018192291
693,-0.44667407870292664
694,-0.1835343837738037
695,-0.2704003155231476
696,-0.23684009909629822
697,-0.3569781184196472
698,-0.16635611653327942
699,-0.32898661494255066
700,-0.24606001377105713
701,-0.37630710005760193
702,-0.26692360639572144
703,-0.3064405024051666
704,-0.3208465278148651
705,-0.24020954966545105
706,-0.3641921579837799
707,-0.13668011128902435
708,-0.4750361442565918
709,-0.17189741134643555
710,-0.4536841809749603
711,-0.2753981351852417
712,-0.33652374148368835
713,-0.2934279441833496
714,-0.30488699674606323
715,-0.27894920110702515
716,-0.3092111349105835
717,-0.3710601329803467
718,-0.28694549202919006
719,-0.5242643356323242
720,-0.21658220887184143
721,-0.3381713330745697
722,-0.1536044031381607
723,-0.3558928072452545
724,-0.2182489037513733
725,-0.3130472004413605
726,-0.31026241183280945
727,-0.2759360373020172
728,-0.31411927938461304
729,-0.16764208674430847
730,-0.20307916402816772
731,-0.16897135972976685
732,-0.2692783772945404
733,-0.26437968015670776
734,-0.23153576254844666
735,-0.2931787967681885
736,-0.1431398093700409
737,-0.3145917057991028
738,-0.20082788169384003
739,-0.34695470333099365
740,-0.285895437002182
741,-0.34053289890289307
742,-0.2016390711069107
743,-0.3898574709892273
744,-0.2598963975906372
745,-0.3774354159832001
746,-0.2635539770126343
747,-0.31139299273490906
748,-0.3360850512981415
749,-0.26711854338645935
750,-0.4043043851852417
751,-0.16581308841705322
752,-0.26874539256095886
753,-0.22464624047279358
754,-0.27601686120033264
755,-0.2530464828014374
756,-0.20211277902126312
757,-0.36991965770721436
758,-0.23989379405975342
759,-0.237775981426239
760,-0.22154396772384644
761,-0.338229238986969
762,-0.2320460081100464
763,-0.21976318955421448
764,-0.33312487602233887
765,-0.12596464157104492
766,-0.30268019437789917
767,-0.2772546112537384
768,-0.26268675923347473
769,-0.33473843336105347
770,-0.15255135297775269
771,-0.23663504421710968
772,-0.2359822690486908
773,-0.2528989911079407
774,-0.21307221055030823
775,-0.2959045469760895
776,-0.2903139889240265
777,-0.23376737534999847
778,-0.3915361166000366
779,-0.17834952473640442
780,-0.26887157559394836
781,-0.27477478981018066
782,-0.20181791484355927
783,-0.2669682204723358
784,-0.2529895007610321
785,-0.32619088888168335
786,-0.19518274068832397
787,-0.2686551809310913
788,-0.2797577977180481
789,-0.21966829895973206
790,-0.32466673851013184
791,-0.1847529262304306
792,-0.2553412616252899
793,-0.21185404062271118
794,-0.25126367807388306
795,-0.2620617151260376
796,-0.23839494585990906
797,-0.3896675705909729
798,-0.13080322742462158
799,-0.3852565288543701
800,-0.34523144364356995
801,-0.26213952898979187
802,-0.27458083629608154
803,-0.3283071517944336
804,-0.17557451128959656
805,-0.3414539694786072
806,-0.19910377264022827
807,-0.22789259254932404
808,-0.27127906680107117
809,-0.31407707929611206
810,-0.34366992115974426
811,-0.20067432522773743
812,-0.2519814074039459
813,-0.254849910736084
814,-0.2362058162689209
815,-0.362404465675354
816,-0.2733573913574219
817,-0.27355247735977173
818,-0.29318562150001526
819,-0.11827516555786133
820,-0.40326038002967834
821,-0.27130383253097534
822,-0.28245800733566284
823,-0.2362145632505417
824,-0.17387671768665314
825,-0.3598516285419464
826,-0.20360222458839417
827,-0.20712165534496307
828,-0.2376123070716858
829,-0.3398992419242859
830,-0.26997578144073486
831,-0.30280187726020813
832,-0.0697680115699768
833,-0.32664188742637634
834,-0.22903558611869812
835,-0.16219568252563477
836,-0.23754532635211945
837,-0.18505226075649261
838,-0.3111600875854492
839,-0.14122675359249115
840,-0.34355971217155457
841,-0.2275676727294922
842,-0.26122575998306274
843,-0.1838490068912506
844,-0.2900402247905731
845,-0.16927500069141388
846,-0.23165272176265717
847,-0.27785417437553406
848,-0.24053837358951569
849,-0.31604284048080444
850,-0.19764341413974762
851,-0.31077301502227783
852,-0.25026386976242065
853,-0.24404841661453247
854,-0.17965726554393768
855,-0.2282392382621765
856,-0.2935355305671692
857,-0.24534839391708374
858,-0.24972471594810486
859,-0.24136444926261902
860,-0.09485052525997162
861,-0.22646763920783997
862,-0.16131673753261566
863,-0.38114121556282043
864,-0.2180359810590744
865,-0.26403236389160156
866,-0.2839028835296631
867,-0.20490005612373352
868,-0.2927720546722412
869,-0.28940820693969727
870,-0.2150290608406067
871,-0.24475184082984924
872,-0.31277933716773987
873,-0.23029038310050964
874,-0.3211389183998108
875,-0.20742368698120117
876,-0.3338738679885864
877,-0.142047718167305
878,-0.2780207693576813
879,-0.2307729870080948
880,-0.3602325916290283
881,-0.2209288626909256
882,-0.28928813338279724
883,-0.3520665168762207
884,-0.27602964639663696
885,-0.28852587938308716
886,-0.3225674033164978
887,-0.26453661918640137
888,-0.26584404706954956
889,-0.25780999660491943
890,-0.23844273388385773
891,-0.2918781638145447
892,-0.3577920198440552
893,-0.2155594676733017
894,-0.2624533772468567
895,-0.27263352274894714
896,-0.25737956166267395
897,-0.2789822816848755
898,-0.2124674767255783
899,-0.29819658398628235
900,-0.2923259139060974
901,-0.2557358145713806
902,-0.22982336580753326
903,-0.17639000713825226
904,-0.37358102202415466
905,-0.22153186798095703
906,-0.36371058225631714
907,-0.1560630202293396
908,-0.27392613887786865
909,-0.27446240186691284
910,-0.30830463767051697
911,-0.2798020541667938
912,-0.2770339250564575
913,-0.3199644684791565
914,-0.23659300804138184
915,-0.2664574682712555
916,-0.3613879382610321
917,-0.2448144406080246
918,-0.2772609293460846
919,-0.22785118222236633
920,-0.23104506731033325
921,-0.2814026176929474
922,-0.24735160171985626
923,-0.3516502380371094
924,-0.15908938646316528
925,-0.1780068427324295
926,-0.17906169593334198
927,-0.2500610649585724
928,-0.18267670273780823
929,-0.28382954001426697
930,-0.2020871490240097
931,-0.2945718467235565
932,-0.2684125006198883
933,-0.27067261934280396
934,-0.07637842744588852
935,-0.3543587327003479
936,-0.18466788530349731
937,-0.3211316764354706
938,-0.2563885450363159
939,-0.26388049125671387
940,-0.22627770900726318
941,-0.31423017382621765
942,-0.17066414654254913
943,-0.3151497542858124
944,-0.19779673218727112
945,-0.2731231451034546
946,-0.2543470561504364
947,-0.2159791886806488
948,-0.2611989676952362
949,-0.20192885398864746
950,-0.23469293117523193
951,-0.25030234456062317
952,-0.3051307201385498
953,-0.18427889049053192
954,-0.28563812375068665
955,-0.22557859122753143
956,-0.2625921368598938
957,-0.38740286231040955
958,-0.19346916675567627
959,-0.39124131202697754
960,-0.2951825261116028
961,-0.3135003447532654
962,-0.27604418992996216
963,-0.2774645686149597
964,-0.17941129207611084
965,-0.2897326946258545
966,-0.21698996424674988
967,-0.28969061374664307
968,-0.2411898672580719
969,-0.2257416993379593
970,-0.15557001531124115
971,-0.3222964406013489
972,-0.26235896348953247
973,-0.2628030776977539
974,-0.2653782367706299
975,-0.1380796879529953
976,-0.26147979497909546
977,-0.295070081949234
978,-0.16101904213428497
979,-0.28636765480041504
980,-0.3543805778026581
981,-0.2554672062397003
982,-0.2870003879070282
983,-0.18973611295223236
984,-0.3149489164352417
985,-0.2600630521774292
986,-0.399835467338562
987,-0.2679665684700012
988,-0.1812344342470169
989,-0.2780954837799072
990,-0.33811554312705994
991,-0.18366959691047668
992,-0.3776853680610657
993,-0.2372189462184906
994,-0.2773771286010742
995,-0.2863520681858063
996,-0.23283690214157104
997,-0.2264551818370819
998,-0.3924826979637146
999,-0.21389658749103546
1000,-0.16935287415981293
1001,-0.30628344416618347
1002,-0.30441534519195557
1003,-0.2976805865764618
1004,-0.2492031753063202
1005,-0.21390192210674286
1006,-0.1801464855670929
1007,-0.2708998918533325
1008,-0.28758305311203003
1009,-0.31611859798431396
1010,-0.18389517068862915
1011,-0.19911643862724304
1012,-0.20888903737068176
1013,-0.26545000076293945
1014,-0.2042960524559021
1015,-0.2883152961730957
1016,-0.2130248099565506
1017,-0.4018056392669678
1018,-0.19170993566513062
1019,-0.20199532806873322
1020,-0.17656570672988892
1021,-0.2658713459968567
1022,-0.17394880950450897
1023,-0.29289090633392334
1024,-0.30692094564437866
1025,-0.23012351989746094
1026,-0.25432032346725464
1027,-0.2700081467628479
1028,-0.3632851541042328
1029,-0.29914313554763794
1030,-0.2968582510948181
1031,-0.28447821736335754
1032,-0.3490631580352783
1033,-0.19348742067813873
1034,-0.31554141640663147
1035,-0.18183496594429016
1036,-0.29871824383735657
1037,-0.204361692070961
1038,-0.293842077255249
1039,-0.35000601410865784
1040,-0.14035290479660034
1041,-0.2800214886665344
1042,-0.3042989671230316
1043,-0.2455153912305832
1044,-0.2088431417942047
1045,-0.25174176692962646
1046,-0.27573147416114807
1047,-0.1806020587682724
1048,-0.3754779100418091
1049,-0.269183486700058
1050,-0.2976300120353699
1051,-0.2586735486984253
1052,-0.3101383447647095
1053,-0.1808367669582367
1054,-0.3367409110069275
1055,-0.15780937671661377
1056,-0.3338983952999115
1057,-0.1652766466140747
1058,-0.3224656581878662
1059,-0.3538530468940735
1060,-0.21301619708538055
1061,-0.28350675106048584
1062,-0.1912803053855896
1063,-0.2518538534641266
1064,-0.3090738356113434
1065,-0.31575703620910645
1066,-0.2893533408641815
1067,-0.2564413845539093
1068,-0.29922419786453247
1069,-0.26552125811576843
1070,-0.28981268405914307
1071,-0.37282341718673706
1072,-0.1924007534980774
1073,-0.2688823938369751
1074,-0.18996505439281464
1075,-0.2592712640762329
1076,-0.30854615569114685
1077,-0.18059216439723969
1078,-0.16244618594646454
1079,-0.41552096605300903
1080,-0.2353549301624298
1081,-0.280713826417923
1082,-0.25055795907974243
1083,-0.26031625270843506
1084,-0.2518045902252197
1085,-0.24209782481193542
1086,-0.2028370052576065
1087,-0.33118951320648193
1088,-0.3386838138103485
1089,-0.28000470995903015
1090,-0.16907431185245514
1091,-0.20626837015151978
1092,-0.36803627014160156
1093,-0.3015925884246826
1094,-0.330546498298645
1095,-0.18842186033725739
1096,-0.32691124081611633
1097,-0.29079365730285645
1098,-0.30622273683547974
1099,-0.26969388127326965
1100,-0.33885177969932556
1101,-0.231815367937088
1102,-0.3821175992488861
1103,-0.2805967330932617
1104,-0.3730541169643402
1105,-0.2102392613887787
1106,-0.3340279161930084
1107,-0.2610841393470764
1108,-0.27545779943466187
1109,-0.21459612250328064
1110,-0.3100428581237793
1111,-0.1977386325597763
1112,-0.24242936074733734
1113,-0.22834241390228271
1114,-0.20631155371665955
1115,-0.26811423897743225
1116,-0.20864048600196838
1117,-0.23089599609375
1118,-0.2513529360294342
1119,-0.3149583339691162
1120,-0.17667093873023987
1121,-0.2379540503025055
1122,-0.2490096092224121
1123,-0.19031351804733276
1124,-0.29198941588401794
1125,-0.20108890533447266
1126,-0.3674650490283966
1127,-0.19816651940345764
1128,-0.17475773394107819
1129,-0.14204037189483643
1130,-0.24280302226543427
1131,-0.30296266078948975
1132,-0.28809651732444763
1133,-0.3233412504196167
1134,-0.33365657925605774
1135,-0.29756420850753784
1136,-0.2548585832118988
1137,-0.2698335349559784
1138,-0.2922022044658661
1139,-0.24139662086963654
1140,-0.3068498373031616
1141,-0.2824941575527191
1142,-0.22225189208984375
1143,-0.28481757640838623
1144,-0.06942424178123474
1145,-0.2518729865550995
1146,-0.17685343325138092
1147,-0.3640994727611542
1148,-0.2524956166744232
1149,-0.23456460237503052
1150,-0.25683751702308655
1151,-0.3306042551994324
1152,-0.2504575848579407
1153,-0.42838603258132935
1154,-0.29564306139945984
1155,-0.35240063071250916
1156,-0.22733281552791595
1157,-0.2617935538291931
1158,-0.3067183792591095
1159,-0.20464959740638733
1160,-0.32694417238235474
1161,-0.37493646144866943
1162,-0.23336556553840637
1163,-0.31775179505348206
1164,-0.30434921383857727
1165,-0.19848297536373138
1166,-0.3084354102611542
1167,-0.14898112416267395
1168,-0.3348143696784973
1169,-0.22428585588932037
1170,-0.2245524376630783
1171,-0.21364770829677582
1172,-0.22011585533618927
1173,-0.20240889489650726
1174,-0.32632213830947876
1175,-0.19937145709991455
1176,-0.36661362648010254
1177,-0.260856032371521
1178,-0.3466765582561493
1179,-0.21851390600204468
1180,-0.2804501950740814
1181,-0.21940574049949646
1182,-0.29314395785331726
1183,-0.18716315925121307
1184,-0.3261371850967407
1185,-0.23006340861320496
1186,-0.3086220324039459
1187,-0.28504541516304016
1188,-0.18779897689819336
1189,-0.30298367142677307
1190,-0.24733033776283264
1191,-0.21606071293354034
1192,-0.2995469868183136
1193,-0.29710984230041504
1194,-0.3320630192756653
1195,-0.24031393229961395
1196,-0.2973894476890564
1197,-0.2686254382133484
1198,-0.2257465124130249
1199,-0.12177203595638275
1200,-0.34982776641845703
1201,-0.2707955837249756
1202,-0.17819258570671082
1203,-0.27867618203163147
1204,-0.29994896054267883
1205,-0.35481077432632446
1206,-0.32590562105178833
1207,-0.33333152532577515
1208,-0.33686789870262146
1209,-0.274072527885437
1210,-0.31948375701904297
1211,-0.18281656503677368
1212,-0.26882100105285645
1213,-0.2584502100944519
1214,-0.35167157649993896
1215,-0.22012941539287567
1216,-0.16744011640548706
1217,-0.11966153979301453
1218,-0.2976323962211609
1219,-0.15127426385879517
1220,-0.2545281946659088
1221,-0.22136417031288147
1222,-0.19842574000358582
1223,-0.16580583155155182
1224,-0.31917479634284973
1225,-0.18574510514736176
1226,-0.16526925563812256
1227,-0.3153966963291168
1228,-0.35165348649024963
1229,-0.20286059379577637
1230,-0.06272143870592117
1231,-0.1669529676437378
1232,-0.058758608996868134
1233,-0.2743779420852661
1234,-0.21391500532627106
1235,-0.24590545892715454
1236,-0.3027458190917969
1237,-0.14855417609214783
1238,-0.31286510825157166
1239,-0.1911519169807434
1240,-0.3501262068748474
1241,-0.21899354457855225
1242,-0.2766563296318054
1243,-0.22929175198078156
1244,-0.3815615475177765
1245,-0.20964866876602173
1246,-0.3249003291130066
1247,-0.24433664977550507
1248,-0.24473837018013
1249,-0.26794764399528503
1250,-0.17127059400081635
1251,-0.24370107054710388
1252,-0.15158306062221527
1253,-0.1384478211402893
1254,-0.21362119913101196
1255,-0.30258119106292725
1256,-0.299919992685318
1257,-0.2090730518102646
1258,-0.1786462664604187
1259,-0.20880728960037231
1260,-0.33566009998321533
1261,-0.24552315473556519
1262,-0.24358779191970825
1263,-0.22146454453468323
1264,-0.30613017082214355
1265,-0.19032862782478333
1266,-0.1906762272119522
1267,-0.11721879243850708
1268,-0.42418718338012695
1269,-0.24520297348499298
1270,-0.16677503287792206
1271,-0.11981533467769623
1272,-0.3277141749858856
1273,-0.2645379602909088
1274,-0.26488274335861206
1275,-0.1587221473455429
1276,-0.30034440755844116
1277,-0.23258571326732635
1278,-0.22548718750476837
1279,-0.18644237518310547
1280,-0.26423966884613037
1281,-0.2658393979072571
1282,-0.27131158113479614
1283,-0.22334139049053192
1284,-0.19618839025497437
1285,-0.23133206367492676
1286,-0.24256396293640137
1287,-0.20183628797531128
1288,-0.29600223898887634
1289,-0.21609199047088623
1290,-0.28613826632499695
1291,-0.14311841130256653
1292,-0.2986874282360077
1293,-0.23556219041347504
1294,-0.21234700083732605
1295,-0.19801349937915802
1296,-0.1568143367767334
1297,-0.27059170603752136
1298,-0.43529748916625977
1299,-0.25621291995048523
1300,-0.2766512334346771
1301,-0.1566987782716751
1302,-0.24475498497486115
1303,-0.2509605884552002
1304,-0.2172265201807022
1305,-0.22340308129787445
1306,-0.21110598742961884
1307,-0.24098512530326843
1308,-0.213928684592247
1309,-0.20169122517108917
1310,-0.356228768825531
1311,-0.26146411895751953
1312,-0.2529803514480591
1313,-0.2100120186805725
1314,-0.37454158067703247
1315,-0.25704425573349
1316,-0.35662198066711426
1317,-0.11799108237028122
1318,-0.2626296281814575
1319,-0.2919962406158447
1320,-0.15710856020450592
1321,-0.28865909576416016
1322,-0.21902480721473694
1323,-0.3248389661312103
1324,-0.2337273359298706
1325,-0.22309279441833496
1326,-0.19979417324066162
1327,-0.17039601504802704
1328,-0.19155234098434448
1329,-0.32029134035110474
1330,-0.15935556590557098
1331,-0.22032217681407928
1332,-0.1572592556476593
1333,-0.2722420394420624
1334,-0.18151837587356567
1335,-0.12721918523311615
1336,-0.20344412326812744
1337,-0.2930104732513428
1338,-0.3074131906032562
1339,-0.21702976524829865
1340,-0.3356040120124817
1341,-0.1690898984670639
1342,-0.23004110157489777
1343,-0.19322317838668823
1344,-0.2918137311935425
1345,-0.2448347508907318
1346,-0.14561092853546143
1347,-0.19929112493991852
1348,-0.292108416557312
1349,-0.3215912878513336
1350,-0.2510288655757904
1351,-0.3314245641231537
1352,-0.24947741627693176
1353,-0.27229493856430054
1354,-0.2266605794429779
1355,-0.17399755120277405
1356,-0.337454617023468
1357,-0.20055972039699554
1358,-0.2469232678413391
1359,-0.31453025341033936
1360,-0.4229990541934967
1361,-0.19889171421527863
1362,-0.19637152552604675
1363,-0.26371169090270996
1364,-0.24847207963466644
1365,-0.26646289229393005
1366,-0.19774481654167175
1367,-0.34060996770858765
1368,-0.25329890847206116
1369,-0.2547389268875122
1370,-0.13281047344207764
1371,-0.22918644547462463
1372,-0.18411004543304443
1373,-0.3135170340538025
1374,-0.1763031780719757
1375,-0.20485013723373413
1376,-0.29049691557884216
1377,-0.19158008694648743
1378,-0.16172386705875397
1379,-0.24929049611091614
1380,-0.2520683705806732
1381,-0.22217553853988647
1382,-0.2212681621313095
1383,-0.13634158670902252
1384,-0.26096194982528687
1385,-0.3010973334312439
1386,-0.23352210223674774
1387,-0.3379664421081543
1388,-0.19848240911960602
1389,-0.2816915214061737
1390,-0.18304690718650818
1391,-0.27568763494491577
1392,-0.2509312033653259
1393,-0.26245594024658203
1394,-0.33210381865501404
1395,-0.2782568335533142
1396,-0.17355769872665405
1397,-0.2838374376296997
1398,-0.2642225921154022
1399,-0.13045692443847656
1400,-0.21086816489696503
1401,-0.30267810821533203
1402,-0.29378944635391235
1403,-0.21293222904205322
1404,-0.2287532538175583
1405,-0.2522212862968445
1406,-0.1493758112192154
1407,-0.1587388813495636
1408,-0.29164499044418335
1409,-0.20310693979263306
1410,-0.13860714435577393
1411,-0.1758115291595459
1412,-0.3921932876110077
1413,-0.1529558300971985
1414,-0.17395226657390594
1415,-0.27376189827919006
1416,-0.22428777813911438
1417,-0.25569722056388855
1418,-0.09759461879730225
1419,-0.2579823136329651
1420,-0.195964053273201
1421,-0.27477115392684937
1422,-0.15357241034507751
1423,-0.3388288915157318
1424,-0.23246029019355774
1425,-0.30172640085220337
1426,-0.0680994987487793
1427,-0.44184207916259766
1428,-0.183045893907547
1429,-0.13552996516227722
1430,-0.33455371856689453
1431,-0.17045091092586517
1432,-0.19952398538589478
1433,-0.2544501721858978
1434,-0.17524711787700653
1435,-0.33307260274887085
1436,-0.3139311671257019
1437,-0.2936384975910187
1438,-0.15518581867218018
1439,-0.3463344871997833
1440,-0.2121584266424179
1441,-0.28372135758399963
1442,-0.21128714084625244
1443,-0.240067720413208
1444,-0.3208000957965851
1445,-0.2278684675693512
1446,-0.3150516450405121
1447,-0.20805566012859344
1448,-0.16723771393299103
1449,-0.1261988878250122
1450,-0.27424174547195435
1451,-0.03136981278657913
1452,-0.27726125717163086
1453,-0.18231596052646637
1454,-0.20976553857326508
1455,-0.22210398316383362
1456,-0.21621349453926086
1457,-0.23787400126457214
1458,-0.20891404151916504
1459,-0.13793133199214935
1460,-0.17192932963371277
1461,-0.19175240397453308
1462,-0.2527674734592438
1463,-0.19834570586681366
1464,-0.34261825680732727
1465,-0.29019394516944885
1466,-0.24575059115886688
1467,-0.1261194795370102
1468,-0.25997430086135864
1469,-0.21156619489192963
1470,-0.24795624613761902
1471,-0.2532570958137512
1472,-0.2095566689968109
1473,-0.10049933195114136
1474,-0.23961955308914185
1475,-0.253375768661499
1476,-0.18430636823177338
1477,-0.24776960909366608
1478,-0.28096264600753784
1479,-0.23892894387245178
1480,-0.2431281954050064
1481,-0.24569642543792725
1482,-0.22946932911872864
1483,-0.19801121950149536
1484,-0.3118322193622589
1485,-0.34312766790390015
1486,-0.19204244017601013
1487,-0.2834891676902771
1488,-0.1406273990869522
1489,-0.24908465147018433
1490,-0.31277039647102356
1491,-0.1691138744354248
1492,-0.23466017842292786
1493,-0.10043968260288239
1494,-0.24672234058380127
1495,-0.19147954881191254
1496,-0.30590906739234924
1497,-0.2012157440185547
1498,-0.11813803017139435
1499,-0.3261014521121979
1500,-0.22957903146743774
1501,-0.2552691102027893
1502,-0.13899873197078705
1503,-0.15598289668560028
1504,-0.15429171919822693
1505,-0.2465417981147766
1506,-0.2731216251850128
1507,-0.29269883036613464
1508,-0.3792356848716736
1509,-0.18862338364124298
1510,-0.2215064913034439
1511,-0.2355767786502838
1512,-0.11921434104442596
1513,-0.3471670150756836
1514,-0.19187384843826294
1515,-0.22484779357910156
1516,-0.1481512486934662
1517,-0.3240915834903717
1518,-0.25084248185157776
1519,-0.2291727215051651
1520,-0.3034704327583313
1521,-0.10731242597103119
1522,-0.27478712797164917
1523,-0.10072614252567291
1524,-0.1600489318370819
1525,-0.23674970865249634
1526,-0.20362907648086548
1527,-0.4203277826309204
1528,-0.1466667801141739
1529,-0.3210793137550354
1530,-0.20254100859165192
1531,-0.21877790987491608
1532,-0.20549175143241882
1533,-0.14676466584205627
1534,-0.20817270874977112
1535,-0.060481131076812744
1536,-0.23017413914203644
1537,-0.17132176458835602
1538,-0.2238667607307434
1539,-0.16843178868293762
1540,0.0012593138962984085
1541,-0.17546477913856506
1542,-0.24002718925476074
1543,-0.2224416732788086
1544,-0.16217972338199615
1545,-0.10227449238300323
1546,-0.15660341084003448
1547,-0.2712673246860504
1548,-0.10359323024749756
1549,-0.1929531991481781
1550,-0.10800138115882874
1551,-0.2593547999858856
1552,-0.2809258997440338
1553,-0.14074379205703735
1554,-0.2254217267036438
1555,-0.1712278127670288
1556,-0.24579402804374695
1557,-0.2716256380081177
1558,-0.038578007370233536
1559,-0.20465806126594543
1560,-0.057908110320568085
1561,-0.2514188885688782
1562,-0.2209048867225647
1563,-0.23149524629116058
1564,-0.22818364202976227
1565,-0.11918359994888306
1566,-0.21158646047115326
1567,-0.08628100156784058
1568,-0.369442880153656
1569,-0.19258718192577362
1570,-0.2039221078157425
1571,-0.1647127866744995
1572,-0.3083258867263794
1573,-0.21484903991222382
1574,-0.10739032179117203
1575,-0.24170511960983276
1576,-0.12117606401443481
1577,-0.3013058602809906
1578,-0.18949247896671295
1579,-0.25288140773773193
1580,-0.20602864027023315
1581,-0.25404220819473267
1582,-0.2711705267429352
1583,-0.061965275555849075
1584,-0.30951303243637085
1585,-0.07221901416778564
1586,-0.2555760443210602
1587,-0.20583732426166534
1588,-0.33942148089408875
1589,-0.14984405040740967
1590,-0.13030390441417694
1591,-0.39038652181625366
1592,-0.12666812539100647
1593,-0.4147810935974121
1594,-0.15291687846183777
1595,-0.37864452600479126
1596,-0.1105707436800003
1597,-0.3166365921497345
1598,-0.17183928191661835
1599,-0.26982933282852173
1600,-0.0722678154706955
1601,-0.2931675910949707
1602,-0.22006815671920776
1603,-0.1539546549320221
1604,-0.28411462903022766
1605,-0.012025171890854836
1606,-0.1872079074382782
1607,-0.21775521337985992
1608,-0.19520342350006104
1609,-0.13303068280220032
1610,-0.19999785721302032
1611,-0.38799527287483215
1612,-0.17100104689598083
1613,-0.33491259813308716
1614,-0.17913389205932617
1615,-0.15953582525253296
1616,-0.138945534825325
1617,-0.047604598104953766
1618,-0.39939039945602417
1619,-0.10424394905567169
1620,-0.2453175187110901
1621,-0.10148962587118149
1622,-0.36362889409065247
1623,-0.14487910270690918
1624,-0.13869713246822357
1625,-0.14528502523899078
1626,-0.22715947031974792
1627,-0.272533118724823
1628,-0.27850034832954407
1629,-0.20166093111038208
1630,-0.15463127195835114
1631,-0.23775237798690796
1632,-0.1925031542778015
1633,-0.11571183800697327
1634,-0.11744869500398636
1635,-0.19903354346752167
1636,-0.051992595195770264
1637,-0.2901046574115753
1638,-0.2800925374031067
1639,-0.20953688025474548
1640,-0.12968288362026215
1641,-0.28661614656448364
1642,-0.26444485783576965
1643,-0.28475335240364075
1644,-0.1757994443178177
1645,-0.1664644181728363
1646,-0.161293163895607
1647,-0.10855800658464432
1648,-0.13534191250801086
1649,-0.3032981753349304
1650,-0.10670884698629379
1651,-0.17933228611946106
1652,-0.22437237203121185
1653,-0.10826174169778824
1654,-0.1310831606388092
1655,-0.21923279762268066
1656,-0.1705489456653595
1657,-0.211368590593338
1658,-0.3603779375553131
1659,-0.21373650431632996
1660,-0.20801934599876404
1661,-0.3994981050491333
1662,-0.1591818779706955
1663,-0.2792430520057678
1664,-0.28754591941833496
1665,-0.1958596110343933
1666,-0.10557371377944946
1667,-0.21767477691173553
1668,-0.18594521284103394
1669,-0.11015297472476959
1670,-0.058564551174640656
1671,-0.17239153385162354
1672,-0.21398957073688507
1673,-0.34342750906944275
1674,-0.1908569037914276
1675,-0.029552211984992027
1676,-0.3477969467639923
1677,-0.1453978270292282
1678,-0.1839551031589508
1679,-0.13950033485889435
1680,-0.275071918964386
1681,-0.10244616866111755
1682,-0.21128448843955994
1683,-0.23143810033798218
1684,-0.10761420428752899
1685,-0.38077324628829956
1686,-0.12023657560348511
1687,-0.21374408900737762
1688,-0.27041274309158325
1689,-0.21048782765865326
1690,-0.22732511162757874
1691,-0.12365631759166718
1692,-0.24348348379135132
1693,-0.21547096967697144
1694,-0.12157560884952545
1695,-0.36289122700691223
1696,-0.14273300766944885
1697,-0.10038222372531891
1698,-0.1466931700706482
1699,-0.22423622012138367
1700,-0.16048555076122284
1701,-0.030705632641911507
1702,-0.27317628264427185
1703,-0.06728962808847427
1704,-0.12007950991392136
1705,-0.27493101358413696
1706,-0.2555205225944519
1707,-0.017260856926441193
1708,-0.15444764494895935
1709,-0.16157497465610504
1710,-0.1638672649860382
1711,-0.18724484741687775
1712,-0.11058151721954346
1713,-0.21990737318992615
1714,-0.16896559298038483
1715,-0.22323548793792725
1716,-0.09322146326303482
1717,-0.2945089042186737
1718,-0.1689727008342743
1719,-0.1182384267449379
1720,-0.3157990276813507
1721,-0.17431040108203888
1722,-0.11779190599918365
1723,-0.240472674369812
1724,-0.17778171598911285
1725,-0.18659941852092743
1726,-0.0891091525554657
1727,-0.17590615153312683
1728,-0.2372341752052307
1729,-0.265284925699234
1730,-0.10090194642543793
1731,-0.11560475826263428
1732,-0.12011154741048813
1733,-0.2758980989456177
1734,-0.1736503392457962
1735,-0.2551645338535309
1736,-0.07806051522493362
1737,-0.1342826932668686
1738,-0.09880165755748749
1739,-0.19117823243141174
1740,-0.14326336979866028
1741,-0.15395990014076233
1742,-0.18228866159915924
1743,-0.15919697284698486
1744,-0.15195095539093018
1745,-0.09865579754114151
1746,-0.1936953365802765
1747,-0.11147140711545944
1748,-0.24978913366794586
1749,-0.18669089674949646
1750,-0.058968763798475266
1751,-0.2614249587059021
1752,-0.20339852571487427
1753,-0.05763495713472366
1754,-0.2363566756248474
1755,-0.10579514503479004
1756,-0.09696345776319504
1757,-0.05397917330265045
1758,-0.15623992681503296
1759,-0.08869633078575134
1760,-0.20199283957481384
1761,-0.3321343660354614
1762,-0.16433100402355194
1763,-0.3243447244167328
1764,-0.18904024362564087
1765,-0.10205131769180298
1766,-0.16983327269554138
1767,-0.09976489841938019
1768,-0.172295942902565
1769,-0.06511121988296509
1770,-0.2628747224807739
1771,-0.05761188268661499
1772,-0.09930628538131714
1773,-0.19735807180404663
1774,-0.20382241904735565
1775,0.010394357144832611
1776,-0.1002131849527359
1777,-0.198896124958992
1778,-0.1503281146287918
1779,-0.024534005671739578
1780,-0.281650185585022
1781,-0.10836461186408997
1782,-0.22882990539073944
1783,-0.10675427317619324
1784,-0.2948340177536011
1785,-0.18755772709846497
1786,-0.14489667117595673
1787,-0.18650731444358826
1788,-0.19819150865077972
1789,-0.16245678067207336
1790,-0.2172313630580902
1791,-0.1594851315021515
1792,-0.1981431096792221
1793,-0.2408912181854248
1794,-0.05148546025156975
1795,-0.1786211133003235
1796,-0.15904714167118073
1797,-0.2665681838989258
1798,-0.04035383462905884
1799,-0.23330414295196533
1800,-0.17243358492851257
1801,-0.15835699439048767
1802,-0.18634048104286194
1803,-0.2411637008190155
1804,-0.010901778005063534
1805,-0.06230379641056061
1806,-0.08682239055633545
1807,-0.10455560684204102
1808,-0.11261255294084549
1809,-0.17068184912204742
1810,-0.1169523298740387
1811,-0.277643084526062
1812,-0.10485315322875977
1813,-0.1269579380750656
1814,-0.13095512986183167
1815,-0.05695657432079315
1816,-0.17646613717079163
1817,-0.12806783616542816
1818,-0.1974000781774521
1819,-0.15915197134017944
1820,-0.2956215739250183
1821,-0.15300440788269043
1822,-0.325298011302948
1823,-0.15991301834583282
1824,-0.1382300704717636
1825,-0.0008863881230354309
1826,-0.19161874055862427
1827,-0.14868386089801788
1828,-0.10983577370643616
1829,-0.1626741588115692
1830,-0.20140871405601501
1831,-0.20343458652496338
1832,-0.20446065068244934
1833,-0.13469238579273224
1834,-0.18301349878311157
1835,-0.13624754548072815
1836,-0.2222069650888443
1837,-0.2327929437160492
1838,-0.1452963948249817
1839,-0.14972937107086182
1840,-0.014094430953264236
1841,-0.21161311864852905
1842,-0.16399967670440674
1843,-0.16661787033081055
1844,-0.324113667011261
1845,-0.14319418370723724
1846,-0.19867300987243652
1847,0.00349475909024477
1848,-0.18527357280254364
1849,-0.11650877445936203
1850,-0.16035136580467224
1851,-0.1723640114068985
1852,-0.13143901526927948
1853,-0.17375096678733826
1854,-0.15397615730762482
1855,-0.1866876631975174
1856,-0.21415449678897858
1857,-0.0995122641324997
1858,-0.369680792093277
1859,-0.06504696607589722
1860,-0.14113512635231018
1861,-0.08551764488220215
1862,-0.2080233097076416
1863,-0.24145403504371643
1864,-0.1276417225599289
1865,-0.14549773931503296
1866,-0.19023658335208893
1867,-0.12699373066425323
1868,-0.2356388121843338
1869,-0.15236112475395203
1870,-0.11724379658699036
1871,-0.09251481294631958
1872,-0.08455879241228104
1873,-0.35217660665512085
1874,-0.1957864612340927
1875,0.032139867544174194
1876,-0.2901003956794739
1877,-0.17018568515777588
1878,-0.12939882278442383
1879,-0.13629961013793945
1880,-0.09741547703742981
1881,-0.19579769670963287
1882,-0.17800912261009216
1883,-0.14857900142669678
1884,-0.0505090095102787
1885,-0.11716161668300629
1886,-0.11012502759695053
1887,-0.3539975881576538
1888,-0.14907990396022797
1889,-0.23537960648536682
1890,-0.05749275162816048
1891,-0.10617825388908386
1892,-0.0414389967918396
1893,-0.15401455760002136
1894,-0.16055795550346375
1895,-0.04973376542329788
1896,-0.28375911712646484
1897,-0.06490007042884827
1898,-0.25032153725624084
1899,-0.2399362325668335
1900,-0.2824980318546295
1901,-0.1985853612422943
1902,0.03630869463086128
1903,-0.19729331135749817
1904,0.0385909229516983
1905,-0.19575628638267517
1906,-0.1062033623456955
1907,-0.25804299116134644
1908,-0.14559343457221985
1909,-0.1372823715209961
1910,-0.013405248522758484
1911,-0.14719080924987793
1912,-0.05793273448944092
1913,-0.036021750420331955
1914,-0.11910423636436462
1915,-0.07324955612421036
1916,-0.16269457340240479
1917,-0.0916099101305008
1918,-0.21228237450122833
1919,-0.0688820332288742
1920,-0.23236048221588135
1921,-0.09131096303462982
1922,-0.16503506898880005
1923,-0.2632327377796173
1924,-0.12348932027816772
1925,-0.2325851023197174
1926,-0.1377890259027481
1927,-0.044704508036375046
1928,-0.21941162645816803
1929,-0.12592364847660065
1930,-0.010737719014286995
1931,-0.13523659110069275
1932,-0.19775903224945068
1933,-0.07704560458660126
1934,-0.28438687324523926
1935,-0.1511107236146927
1936,0.15235212445259094
1937,-0.30172011256217957
1938,-0.0064481161534786224
1939,-0.0888151228427887
1940,-0.22621840238571167
1941,0.0018595941364765167
1942,-0.17436298727989197
1943,-0.16821278631687164
1944,-0.14992132782936096
1945,-0.29791826009750366
1946,-0.019254110753536224
1947,-0.29549935460090637
1948,-0.05896514654159546
1949,-0.37800878286361694
1950,-0.1312413066625595
1951,-0.042732734233140945
1952,-0.19670520722866058
1953,0.06622426956892014
1954,-0.27695152163505554
1955,-0.018828969448804855
1956,-0.27483201026916504
1957,0.005690914578735828
1958,-0.12406276166439056
1959,-0.1775447577238083
1960,-0.1644640564918518
1961,-0.14871029555797577
1962,-0.13361403346061707
1963,-0.03979083523154259
1964,-0.1203780323266983
1965,-0.11018310487270355
1966,-0.13468675315380096
1967,-0.16070201992988586
1968,-0.17488455772399902
1969,0.0030690236017107964
1970,-0.07930684089660645
1971,-0.04877609759569168
1972,-0.06875578314065933
1973,-0.2195505052804947
1974,-0.1504436582326889
1975,-0.24443228542804718
1976,-0.07470273971557617
1977,-0.2314639836549759
1978,-0.21210607886314392
1979,-0.11018452048301697
1980,-0.19470056891441345
1981,-0.16115251183509827
1982,-0.16773314774036407
1983,-0.05755919963121414
1984,-0.1675773561000824
1985,-0.09927918016910553
1986,-0.08418808877468109
1987,-0.17658115923404694
1988,0.0033811554312705994
1989,-0.11862821131944656
1990,-0.12591849267482758
1991,-0.14804399013519287
1992,-0.12408529222011566
1993,-0.14940603077411652
1994,-0.031254179775714874
1995,-0.27515268325805664
1996,-0.1313217133283615
1997,-0.1547306329011917
1998,-0.11874270439147949
1999,-0.09849902242422104
2000,-0.19922584295272827
2001,0.01488967053592205
2002,-0.1590152233839035
2003,-0.04661877453327179
2004,-0.1156352162361145
2005,-0.13747826218605042
2006,0.012601304799318314
2007,-0.11339348554611206
2008,-0.043341588228940964
2009,-0.266574501991272
2010,-0.14546449482440948
2011,-0.14830920100212097
2012,-0.35731345415115356
2013,-0.060012996196746826
2014,-0.3019823431968689
2015,-0.1751651018857956
2016,-0.451862633228302
2017,-0.1589747965335846
2018,-0.025420833379030228
2019,-0.27702397108078003
2020,-0.1811460703611374
2021,-0.2940949499607086
2022,-0.18292775750160217
2023,-0.1483585238456726
2024,-0.054499268531799316
2025,-0.13963504135608673
2026,-0.16101963818073273
2027,-0.1401827186346054
2028,-0.2214033007621765
2029,-0.14885975420475006
2030,-0.1874503791332245
2031,-0.17668400704860687
2032,-0.12001743167638779
2033,0.0025816112756729126
2034,-0.017971694469451904
2035,-0.04209432378411293
2036,-0.0910765677690506
2037,0.008610785007476807
2038,-0.14765585958957672
2039,-0.27397772669792175
2040,-0.28148362040519714
2041,-0.04265398159623146
2042,-0.22056624293327332
2043,0.10596767067909241
2044,-0.1855124533176422
2045,0.0726526603102684
2046,-0.13320104777812958
2047,-0.18323662877082825
2048,-0.04453366994857788
2049,-0.048679642379283905
2050,-0.09164384752511978
2051,-0.21347200870513916
2052,-0.17049121856689453
2053,-0.10522358119487762
2054,-0.2795385718345642
2055,0.014662506058812141
2056,-0.22921691834926605
2057,-0.11483881622552872
2058,-0.0025874865241348743
2059,0.047020673751831055
2060,-0.07653705030679703
2061,-0.3231889307498932
2062,-0.06507241725921631
2063,-0.35506299138069153
2064,-0.02696814388036728
2065,-0.2381599247455597
2066,0.13219664990901947
2067,-0.040680184960365295
2068,-0.35393160581588745
2069,-0.11977000534534454
2070,-0.2702103853225708
2071,-0.23743972182273865
2072,-0.15135473012924194
2073,-0.09132534265518188
2074,-0.22984647750854492
2075,-0.19152182340621948
2076,-0.2617860734462738
2077,-0.06438255310058594
2078,-0.10344212502241135
2079,-0.250174880027771
2080,-0.09498906135559082
2081,-0.1559731364250183
2082,0.027486804872751236
2083,-0.037731677293777466
2084,-0.05344826728105545
2085,-0.08573286980390549
2086,-0.008248982951045036
2087,-0.08632485568523407
2088,-0.09788607805967331
2089,-0.08417029678821564
2090,-0.23646430671215057
2091,-0.17817899584770203
2092,-0.4032532870769501
2093,-0.2215709537267685
2094,-0.07031702995300293
2095,0.12557242810726166
2096,0.04247697442770004
2097,-0.23164257407188416
2098,0.058394066989421844
2099,-0.12647444009780884
2100,-0.13366492092609406
2101,0.004318006336688995
2102,-0.2565121650695801
2103,-0.06649695336818695
2104,-0.1962573379278183
2105,-0.1961287558078766
2106,0.024874620139598846
2107,-0.13231292366981506
2108,-0.05746572092175484
2109,-0.2876547873020172
2110,-0.11003915965557098
2111,-0.1943153440952301
2112,-0.24989096820354462
2113,-0.19971148669719696
2114,-0.1259717494249344
2115,-0.059919945895671844
2116,-0.15249671041965485
2117,-0.18008626997470856
2118,-0.18441471457481384
2119,-0.23631806671619415
2120,0.04918063431978226
2121,-0.1706300675868988
2122,-0.1780671775341034
2123,-0.11979898810386658
2124,-0.14031580090522766
2125,-0.03721041604876518
2126,-0.03953167051076889
2127,-0.06285765022039413
2128,-0.06006556749343872
2129,-0.09802144765853882
2130,0.02908979542553425
2131,-0.06291524320840836
2132,-0.15524481236934662
2133,-0.0318433903157711
2134,-0.15538309514522552
2135,-0.20764346420764923
2136,-0.1044277623295784
2137,-0.19311834871768951
2138,-0.31819823384284973
2139,-0.14771899580955505
2140,-0.22770339250564575
2141,-0.07983241975307465
2142,-0.07717670500278473
2143,-0.0660339966416359
2144,-0.18821460008621216
2145,0.062479473650455475
2146,-0.11628573387861252
2147,-0.09704777598381042
2148,-0.1329251527786255
2149,-0.21839162707328796
2150,-0.06253434717655182
2151,-0.15511462092399597
2152,-0.14494098722934723
2153,0.010608360171318054
2154,-0.15693151950836182
2155,-0.08699199557304382
2156,-0.26988130807876587
2157,-0.006313991732895374
2158,-0.135292649269104
2159,-0.11160033941268921
2160,-0.06971527636051178
2161,-0.1723455935716629
2162,-0.10017315298318863
2163,-0.16400256752967834
2164,-0.1379804015159607
2165,-0.12105732411146164
2166,-0.25380969047546387
2167,-0.26254507899284363
2168,-0.1306135505437851
2169,-0.12672387063503265
2170,-0.02466699108481407
2171,-0.16191664338111877
2172,-0.07557634264230728
2173,0.029383132234215736
2174,-0.2178579568862915
2175,-0.03943130373954773
2176,-0.29586532711982727
2177,-0.035518303513526917
2178,-0.06409525871276855
2179,0.004835234023630619
2180,-0.19803379476070404
2181,-0.14228293299674988
2182,-0.03764459490776062
2183,-0.17685958743095398
2184,-0.12223447114229202
2185,-0.21860623359680176
2186,-0.09901367127895355
2187,0.007211456075310707
2188,-0.17188233137130737
2189,-0.1989041268825531
2190,0.022144002839922905
2191,-0.21500937640666962
2192,-0.13175539672374725
2193,-0.17532378435134888
2194,-0.05487913265824318
2195,0.12777870893478394
2196,-0.07672066241502762
2197,-0.07838048040866852
2198,-0.29846057295799255
2199,-0.08026089519262314
2200,-0.01934380643069744
2201,-0.10340184718370438
2202,-0.10957135260105133
2203,-0.0910404622554779
2204,-0.15024080872535706
2205,-0.10589471459388733
2206,-0.23714786767959595
2207,0.028552517294883728
2208,-0.15937776863574982
2209,0.0676204189658165
2210,-0.053993191570043564
2211,-0.2544798254966736
2212,-0.08456911146640778
2213,-0.23332467675209045
2214,-0.11118032783269882
2215,-0.25478196144104004
2216,-0.15070649981498718
2217,0.04330197721719742
2218,-0.15914787352085114
2219,0.047827593982219696
2220,-0.14264854788780212
2221,-0.037835948169231415
2222,-0.16550478339195251
2223,-0.08929263055324554
2224,-0.09604034572839737
2225,-0.1459464579820633
2226,-0.03420620039105415
2227,-0.07484419643878937
2228,-0.1718432605266571
2229,-0.19059400260448456
2230,-0.16700178384780884
2231,-0.13464675843715668
2232,-0.12016572058200836
2233,-0.08468237519264221
2234,-0.12994661927223206
2235,-0.037281569093465805
2236,-0.1322832703590393
2237,-0.07288858294487
2238,-0.19395515322685242
2239,-0.05659782886505127
2240,-0.03828232362866402
2241,-0.11704252660274506
2242,-0.11496242880821228
2243,-0.2795051634311676
2244,-0.14213624596595764
2245,0.05820560082793236
2246,-0.3398270308971405
2247,-0.2034781575202942
2248,-0.11239375174045563
2249,-0.07772906869649887
2250,0.058969646692276
2251,-0.07087293267250061
2252,-0.09506583213806152
2253,0.1262771338224411
2254,-0.20353251695632935
2255,-0.10121576488018036
2256,-0.1032084971666336
2257,-0.257973313331604
2258,-0.09226050972938538
2259,-0.058957379311323166
2260,-0.2576713562011719
2261,-0.1671333760023117
2262,-0.2916017472743988
2263,-0.2664221227169037
2264,-0.009284250438213348
2265,-0.10478449612855911
2266,-0.22349441051483154
2267,-0.10218014568090439
2268,-0.21938151121139526
2269,-0.13709834218025208
2270,-0.12405584752559662
2271,-0.12225708365440369
2272,-0.13980898261070251
2273,-0.1989670991897583
2274,-0.35987699031829834
2275,-0.17560012638568878
2276,0.09514143317937851
2277,-0.18404343724250793
2278,-0.0874233990907669
2279,-0.023595640435814857
2280,-0.1379842758178711
2281,-0.24776983261108398
2282,0.015178214758634567
2283,-0.2079823613166809
2284,-0.292894184589386
2285,-0.2888234555721283
2286,-0.007441336289048195
2287,-0.17282992601394653
2288,-0.02999996952712536
2289,-0.1931532323360443
2290,-0.22147071361541748
2291,-0.16049526631832123
2292,-0.15682633221149445
2293,-0.22940754890441895
2294,-0.22969047725200653
2295,-0.23993808031082153
2296,-0.26017260551452637
2297,-0.20197486877441406
2298,-0.17957007884979248
2299,-0.14671820402145386
2300,-0.04299923777580261
2301,-0.10027629137039185
2302,-0.2372702807188034
2303,-0.008282622322440147
2304,-0.2955789864063263
2305,-0.10860855132341385
2306,-0.11553149670362473
2307,-0.17261502146720886
2308,-0.02099054679274559
2309,-0.3065793812274933
2310,-0.06838113069534302
2311,-0.2600800693035126
2312,-0.09084522724151611
2313,0.0026635006070137024
2314,0.04944494366645813
2315,-0.09455312788486481
2316,-0.19352911412715912
2317,0.021486733108758926
2318,-0.12254158407449722
2319,-0.059564534574747086
2320,-0.1847437620162964
2321,-0.2344934046268463
2322,-0.20724022388458252
2323,-0.08274207264184952
2324,-0.18448835611343384
2325,-0.012693308293819427
2326,-0.027297869324684143
2327,-0.08291361480951309
2328,-0.21641024947166443
2329,-0.1555871069431305
2330,-0.003507074899971485
2331,-0.169788658618927
2332,-0.3991938829421997
2333,-0.011594008654356003
2334,-0.15135206282138824
2335,-0.26432693004608154
2336,-0.13739925622940063
2337,-0.04512310028076172
2338,-0.191874161362648
2339,0.10584723949432373
2340,-0.3310765326023102
2341,0.011100085452198982
2342,-0.23571103811264038
2343,-0.06608071178197861
2344,-0.12645331025123596
2345,0.035910218954086304
2346,-0.25943389534950256
2347,-0.12963198125362396
2348,-0.19759145379066467
2349,-0.17278794944286346
2350,0.007563885301351547
2351,-0.21851235628128052
2352,-0.08813948929309845
2353,-0.17053478956222534
2354,-0.06566508859395981
2355,0.12198764085769653
2356,-0.1436157524585724
2357,-0.06520459055900574
2358,0.0952335000038147
2359,-0.10027439147233963
2360,-0.09185769408941269
2361,-0.06673519313335419
2362,-0.036780089139938354
2363,0.04140603914856911
2364,-0.08409762382507324
2365,-0.1310628354549408
2366,-0.14199267327785492
2367,-0.3339056372642517
2368,-0.1624172329902649
2369,0.10565771907567978
2370,-0.2958084046840668
2371,-0.19822895526885986
2372,-0.040889326483011246
2373,-0.09490050375461578
2374,-0.010666055604815483
2375,-0.14589905738830566
2376,-0.07225696742534637
2377,-0.16412396728992462
2378,-0.28534555435180664
2379,0.035821154713630676
2380,-0.1404740959405899
2381,-0.03080611675977707
2382,-0.08832942694425583
2383,-0.07462216913700104
2384,0.06546268612146378
2385,0.006587501615285873
2386,0.0016315057873725891
2387,0.07189865410327911
2388,-0.27584996819496155
2389,-0.143151193857193
2390,-0.16105309128761292
2391,-0.22659580409526825
2392,-0.09241081774234772
2393,-0.31474730372428894
2394,-0.10739611834287643
2395,-0.06433408707380295
2396,-0.22405748069286346
2397,-0.18079830706119537
2398,-0.3188727796077728
2399,-0.23924709856510162
2400,-0.2748240828514099
2401,-0.20101182162761688
2402,-0.25147950649261475
2403,-0.1544889509677887
2404,0.1488691121339798
2405,-0.13219888508319855
2406,0.005984215997159481
2407,-0.01212950050830841
2408,-0.27095234394073486
2409,-0.03566679358482361
2410,-0.25193169713020325
2411,-0.0453108549118042
2412,-0.1994795799255371
2413,-0.04143626242876053
2414,0.012312889099121094
2415,-0.16312599182128906
2416,-0.015765797346830368
2417,-0.29198774695396423
2418,-0.0006877146661281586
2419,-0.14944930374622345
2420,-0.09929780662059784
2421,0.027928940951824188
2422,-0.20103022456169128
2423,0.002566942945122719
2424,-0.05479411035776138
2425,-0.06167023628950119
2426,-0.17105822265148163
2427,-0.018349722027778625
2428,-0.2006012499332428
2429,0.0087153110653162
2430,0.010234111919999123
2431,-0.19224251806735992
2432,0.042662329971790314
2433,-0.1319420337677002
2434,-0.16359107196331024
2435,-0.06882693618535995
2436,-0.11276315897703171
2437,-0.1725923866033554
2438,-0.23226666450500488
2439,0.09726832807064056
2440,-0.24895916879177094
2441,-0.036416202783584595
2442,-0.12240331619977951
2443,-0.2076951414346695
2444,-0.16957131028175354
2445,-0.028544234111905098
2446,-0.24715101718902588
2447,0.011952582746744156
2448,-0.3651864230632782
2449,-2.6951543986797333e-05
2450,-0.2077178955078125
2451,-0.061343103647232056
2452,-0.017173390835523605
2453,-0.16722431778907776
2454,-0.04755041003227234
2455,0.047515444457530975
2456,-0.23147088289260864
2457,-0.16248390078544617
2458,-0.19668231904506683
2459,-0.0751846432685852
2460,-0.26290440559387207
2461,0.07323707640171051
2462,-0.015500517562031746
2463,-0.09002487361431122
2464,0.045420531183481216
2465,-0.06684556603431702
2466,-0.24780359864234924
2467,-0.06587126851081848
2468,-0.07897546887397766
2469,-0.0272039994597435
2470,-0.10272188484668732
2471,-0.02217918075621128
2472,-0.1062045767903328
2473,-0.2591668367385864
2474,-0.010465610772371292
2475,-0.09890107065439224
2476,-0.0799926370382309
2477,0.04864199459552765
2478,-0.1735353171825409
2479,-0.021688921377062798
2480,-0.028910281136631966
2481,-0.3423045575618744
2482,-0.22951585054397583
2483,-0.35818958282470703
2484,-0.0001810714602470398
2485,0.02771102637052536
2486,-0.08788204193115234
2487,0.06586307287216187
2488,-0.11214911937713623
2489,-0.04585926979780197
2490,0.2356523871421814
2491,-0.052630648016929626
2492,-0.0038100993260741234
2493,-0.3184971809387207
2494,-0.17970088124275208
2495,0.035932671278715134
2496,-0.21605630218982697
2497,-0.03833070397377014
2498,-0.07453856617212296
2499,0.022854432463645935
2500,-0.21335211396217346
2501,-0.0627569854259491
2502,-0.03074798732995987
2503,-0.21226006746292114
2504,-0.19146762788295746
2505,-0.1261838674545288
2506,0.08908434957265854
2507,-0.062192611396312714
2508,-0.05117519944906235
2509,0.039722129702568054
2510,-0.0203268863260746
2511,0.1728118658065796
2512,-0.09869781881570816
2513,-0.1726493537425995
2514,-0.09712278842926025
2515,-0.18808196485042572
2516,0.08564220368862152
2517,-0.11073360592126846
2518,0.07618394494056702
2519,0.0777977928519249
2520,-0.1608257293701172
2521,-0.1532699465751648
2522,-0.08399701118469238
2523,-0.06034516170620918
2524,-0.012106619775295258
2525,-0.04107175022363663
2526,-0.026335828006267548
2527,0.004975050687789917
2528,0.15569357573986053
2529,-0.23627454042434692
2530,-0.0330185741186142
2531,-0.2220504879951477
2532,0.09457340091466904
2533,-0.06221608817577362
2534,-0.3094770908355713
2535,-0.03984687104821205
2536,-0.00668572261929512
2537,0.03544427454471588
2538,0.11777537316083908
2539,-0.055823568254709244
2540,-0.13143287599086761
2541,0.06167792156338692
2542,-0.12091835588216782
2543,-0.19133929908275604
2544,-0.06482212245464325
2545,-0.26279693841934204
2546,0.0715654045343399
2547,0.02245926856994629
2548,0.0772472396492958
2549,-0.07442624866962433
2550,-0.14087672531604767
2551,0.10748840868473053
2552,-0.08297966420650482
2553,-0.13808029890060425
2554,0.06845355033874512
2555,-0.06892172992229462
2556,-0.044479820877313614
2557,-0.11343293637037277
2558,-0.01219219621270895
2559,-0.03185233101248741
2560,-0.27176401019096375
2561,0.012486083433032036
2562,-0.14946407079696655
2563,-0.11936495453119278
2564,-0.07193328440189362
2565,-0.1012706309556961
2566,0.04050286486744881
2567,-0.14959029853343964
2568,0.09687769412994385
2569,-0.24714067578315735
2570,-0.04152556508779526
2571,-0.12743543088436127
2572,-0.11383084952831268
2573,0.019821979105472565
2574,-0.0943891778588295
2575,-0.0627034530043602
2576,0.015009194612503052
2577,-0.11068996787071228
2578,-0.09984508156776428
2579,-0.09633321315050125
2580,-0.24787963926792145
2581,-0.09079870581626892
2582,-0.13107477128505707
2583,0.11107175797224045
2584,-0.1776277869939804
2585,-0.0796235129237175
2586,-0.09284472465515137
2587,-0.11723421514034271
2588,-0.12375431507825851
2589,-0.05298130214214325
2590,0.02565605938434601
2591,0.08015035837888718
2592,-0.03233747184276581
2593,-0.09746893495321274
2594,0.1355849802494049
2595,-0.3467366099357605
2596,-0.23740889132022858
2597,-0.1596352756023407
2598,-0.2872016727924347
2599,0.13930606842041016
2600,-0.2346329391002655
2601,0.024944568052887917
2602,0.010012758895754814
2603,-0.12758223712444305
2604,-0.08348528295755386
2605,-0.1574026346206665
2606,0.020901836454868317
2607,-0.009114652872085571
2608,-0.19259299337863922
2609,-0.14167866110801697
2610,0.03317759931087494
2611,0.11637598276138306
2612,-0.10943961143493652
2613,-0.2577095031738281
2614,-0.07784106582403183
2615,-0.09181050956249237
2616,-0.10511831194162369
2617,-0.14691749215126038
2618,-0.06951764225959778
2619,-0.10065773874521255
2620,-0.1933993101119995
2621,-0.13800159096717834
2622,-0.13538825511932373
2623,-0.2588578462600708
2624,-0.09393985569477081
2625,-0.12828633189201355
2626,0.18115730583667755
2627,-0.19690896570682526
2628,-0.021586380898952484
2629,-0.07096531242132187
2630,-0.028522610664367676
2631,0.05227578803896904
2632,-0.11588765680789948
2633,-0.1263734996318817
2634,-0.0360792875289917
2635,-0.055850058794021606
2636,-0.09785783290863037
2637,0.04772583395242691
2638,0.1951308250427246
2639,0.0018960852175951004
2640,0.0543513186275959
2641,-0.16097553074359894
2642,-0.13097935914993286
2643,-0.0759756788611412
2644,-0.08868952095508575
2645,0.02037014439702034
2646,-0.03664155304431915
2647,-0.02604997158050537
2648,-0.25670480728149414
2649,-0.08625559508800507
2650,-0.022802837193012238
2651,0.04873025417327881
2652,-0.15328606963157654
2653,0.041346147656440735
2654,-0.06450097262859344
2655,-0.03269199654459953
2656,0.08600044250488281
2657,-0.015699271112680435
2658,-0.2241070717573166
2659,-0.1849050670862198
2660,-0.17720675468444824
2661,0.056763991713523865
2662,-0.10611708462238312
2663,-0.17643122375011444
2664,-0.013742901384830475
2665,-0.058812215924263
2666,-0.1684027910232544
2667,0.062320295721292496
2668,-0.01563100516796112
2669,0.014500296674668789
2670,-0.009586635045707226
2671,-0.04313165321946144
2672,-0.18511605262756348
2673,-0.18797902762889862
2674,-0.24644215404987335
2675,0.09905475378036499
2676,-0.18296203017234802
2677,-0.26268234848976135
2678,-0.15839985013008118
2679,0.04441719874739647
2680,0.010737001895904541
2681,0.06646326929330826
2682,-0.09149802476167679
2683,-0.11895838379859924
2684,-0.12154962867498398
2685,-0.008543403819203377
2686,-0.02472711354494095
2687,-0.16213056445121765
2688,-0.10031316429376602
2689,-0.18408973515033722
2690,0.0033544525504112244
2691,0.13360334932804108
2692,-0.21850548684597015
2693,0.027384813874959946
2694,-0.13324907422065735
2695,0.0860869437456131
2696,-0.09716665744781494
2697,-0.13012826442718506
2698,-0.033527374267578125
2699,-0.14010249078273773
2700,-0.22248771786689758
2701,-0.036179542541503906
2702,0.1583898365497589
2703,-0.15414726734161377
2704,0.1691749095916748
2705,-0.10149313509464264
2706,0.010004758834838867
2707,0.005657234229147434
2708,0.05313322693109512
2709,0.040721263736486435
2710,-0.1619153469800949
2711,-0.005156280472874641
2712,-0.19520197808742523
2713,-0.05983251705765724
2714,-0.03597775101661682
2715,-0.06790623813867569
2716,-0.3841682970523834
2717,-0.1881401538848877
2718,0.0779891386628151
2719,0.024071887135505676
2720,-0.25528788566589355
2721,-0.16396664083003998
2722,-0.14763112366199493
2723,0.06772403419017792
2724,0.009508665651082993
2725,-0.007914552465081215
2726,0.10092577338218689
2727,-0.022438829764723778
2728,0.10628848522901535
2729,-0.11245918273925781
2730,-0.2759974002838135
2731,-0.1755102127790451
2732,0.014615830034017563
2733,-0.02727690152823925
2734,-0.03291073068976402
2735,-0.11343203485012054
2736,-0.012907519936561584
2737,-0.009130951017141342
2738,-0.02101263776421547
2739,-0.2617734968662262
2740,0.11342206597328186
2741,-0.07503874599933624
2742,0.06900597363710403
2743,-0.09718725830316544
2744,-0.26530224084854126
2745,-0.012631179764866829
2746,-0.06426207721233368
2747,-0.03301918879151344
2748,-0.06850790977478027
2749,-0.0009827818721532822
2750,-0.006602957844734192
2751,-0.25682923197746277
2752,-0.08527494966983795
2753,-0.1603533923625946
2754,-0.0875042974948883
2755,0.1456412523984909
2756,0.016140500083565712
2757,0.05185917019844055
2758,-0.08432662487030029
2759,0.020964452996850014
2760,-0.13746613264083862
2761,0.20195788145065308
2762,0.037727586925029755
2763,-0.11528857797384262
2764,-0.22605407238006592
2765,-0.31434404850006104
2766,-0.26006096601486206
2767,0.03993860259652138
2768,0.1668231189250946
2769,0.11483263969421387
2770,0.022939443588256836
2771,-0.09374240040779114
2772,0.0016727428883314133
2773,0.023848339915275574
2774,-0.06344517320394516
2775,0.016588404774665833
2776,-0.2095193713903427
2777,-0.02413451299071312
2778,0.04897598922252655
2779,0.0005361512303352356
2780,-0.0901569351553917
2781,-0.11284871399402618
2782,-0.003039024770259857
2783,0.02670048549771309
2784,-0.14993537962436676
2785,0.039732374250888824
2786,-0.17097941040992737
2787,-0.16322067379951477
2788,-0.05831724777817726
2789,-0.2716156542301178
2790,-4.130415618419647e-05
2791,-0.08349619060754776
2792,-0.30928337574005127
2793,-0.014679445885121822
2794,-0.0946299135684967
2795,-0.15519359707832336
2796,-0.11615820229053497
2797,0.13997574150562286
2798,-0.017976194620132446
2799,-0.03101036697626114
2800,0.038707584142684937
2801,0.048304785043001175
2802,-0.2304912954568863
2803,-0.07470779865980148
2804,0.045225635170936584
2805,0.0518915057182312
2806,-0.007944244891405106
2807,0.04986580088734627
2808,-0.04896362125873566
2809,-0.010900551453232765
2810,0.1610206961631775
2811,0.010072581470012665
2812,-0.09021516889333725
2813,-0.018292121589183807
2814,0.10931675136089325
2815,-0.29295599460601807
2816,0.08061762154102325
2817,-0.16091138124465942
2818,-0.10836996138095856
2819,0.06141000986099243
2820,0.008725550025701523
2821,-0.003301250748336315
2822,-0.11986878514289856
2823,0.046831727027893066
2824,-0.02399871125817299
2825,0.05701729282736778
2826,0.07198753207921982
2827,-0.15716317296028137
2828,0.020825523883104324
2829,-0.15724427998065948
2830,-0.12010431289672852
2831,-0.1832669973373413
2832,-0.09260290861129761
2833,-0.03000965341925621
2834,-0.026624351739883423
2835,0.24602581560611725
2836,-0.11561145633459091
2837,-0.10436563938856125
2838,0.039442017674446106
2839,-0.14977777004241943
2840,0.026355840265750885
2841,-0.06722914427518845
2842,-0.12733343243598938
2843,-0.06606295704841614
2844,0.10745573043823242
2845,0.2706502676010132
2846,0.01254444569349289
2847,0.04111070558428764
2848,-0.11013586819171906
2849,-0.23025773465633392
2850,0.04662609472870827
2851,-0.05904753506183624
2852,-0.21723775565624237
2853,0.041120901703834534
2854,-0.15922501683235168
2855,-0.16543392837047577
2856,-0.11104045063257217
2857,-0.15870630741119385
2858,-0.01688980683684349
2859,-0.1583118438720703
2860,0.09717542678117752
2861,0.0123272854834795
2862,-0.00016254931688308716
2863,-0.20626549422740936
2864,0.08672963082790375
2865,-0.12159669399261475
2866,-0.07259348034858704
2867,-0.10144761204719543
2868,0.011614996939897537
2869,-0.14586001634597778
2870,0.034463852643966675
2871,-0.050073668360710144
2872,-0.010730195790529251
2873,-0.17355045676231384
2874,0.24340276420116425
2875,-0.07855960726737976
2876,-0.03787767514586449
2877,-0.20092269778251648
2878,-0.10681053251028061
2879,-0.04744599014520645
2880,-0.1364041268825531
2881,-0.06162746250629425
2882,-0.2809670865535736
2883,0.02359597384929657
2884,0.10249689966440201
2885,-0.25743308663368225
2886,-0.13084648549556732
2887,0.1812637597322464
2888,-0.27102431654930115
2889,-0.10395290702581406
2890,-0.13173192739486694
2891,0.030110005289316177
2892,-0.036659881472587585
2893,0.1527298092842102
2894,-0.13604819774627686
2895,-0.05985620245337486
2896,-0.002859571948647499
2897,0.06289403140544891
2898,-0.24125058948993683
2899,-0.057621441781520844
2900,-0.2133069485425949
2901,-0.03462984040379524
2902,-0.03761906549334526
2903,0.07105743139982224
2904,0.06627441942691803
2905,-0.15173861384391785
2906,-0.0032481253147125244
2907,-0.08836477994918823
2908,-0.10313081741333008
2909,-0.06903477013111115
2910,-0.1682378202676773
2911,0.11076580733060837
2912,0.011103441938757896
2913,-0.1336871087551117
2914,0.028750106692314148
2915,-0.08798721432685852
2916,-0.0593738816678524
2917,-0.11961288005113602
2918,-0.09091664850711823
2919,-0.1374165564775467
2920,0.04604905843734741
2921,-0.039609167724847794
2922,0.015278123319149017
2923,0.052362922579050064
2924,0.12871581315994263
2925,-0.19802556931972504
2926,0.07225251942873001
2927,0.022494789212942123
2928,-0.07992975413799286
2929,-0.08609026670455933
2930,-0.09111389517784119
2931,0.10718885064125061
2932,-0.07621495425701141
2933,-0.027037587016820908
2934,0.0012013986706733704
2935,-0.03407549485564232
2936,4.095211625099182e-05
2937,-0.19294317066669464
2938,-0.20041042566299438
2939,0.031021347269415855
2940,-0.1558423638343811
2941,-0.14681467413902283
2942,-0.12839308381080627
2943,0.04350872337818146
2944,-0.10090631246566772
2945,0.024969667196273804
2946,0.03588663414120674
2947,-0.023016225546598434
2948,0.09574729949235916
2949,-0.07284460961818695
2950,-0.08338712900876999
2951,-0.23446659743785858
2952,0.003811359405517578
2953,-0.0900215208530426
2954,0.0375446118414402
2955,0.17978712916374207
2956,-0.09529519826173782
2957,-0.018519887700676918
2958,-0.06334356963634491
2959,-0.268024742603302
2960,-0.09408856928348541
2961,-0.01435321569442749
2962,0.0597139447927475
2963,0.08215625584125519
2964,0.12152384221553802
2965,-0.12172875553369522
2966,0.12005259096622467
2967,-0.1033519059419632
2968,0.12600021064281464
2969,-0.15326806902885437
2970,-0.1023276150226593
2971,0.0921919196844101
2972,0.009980746544897556
2973,-0.11255985498428345
2974,0.03027259185910225
2975,-0.06221616268157959
2976,0.15526734292507172
2977,-0.2058066874742508
2978,-0.1567041277885437
2979,0.07337956875562668
2980,-0.10976174473762512
2981,-0.004949132911860943
2982,-0.09037460386753082
2983,-0.2666248083114624
2984,0.15848931670188904
2985,-0.13419806957244873
2986,0.009469948709011078
2987,0.1263524740934372
2988,-0.16905467212200165
2989,-0.1421545296907425
2990,0.12131047993898392
2991,-0.16745783388614655
2992,-0.0564836822450161
2993,0.21427087485790253
2994,-0.16849318146705627
2995,-0.0394262969493866
2996,-0.15284256637096405
2997,-0.08178073167800903
2998,0.08564348518848419
2999,-0.3341805934906006
3000,0.08815238624811172
3001,-0.1567259281873703
3002,-0.20820015668869019
3003,-0.12276365607976913
3004,-0.07028622180223465
3005,0.012329259887337685
3006,0.07328128069639206
3007,0.02300781011581421
3008,-0.20539851486682892
3009,0.005962996743619442
3010,0.1153039038181305
3011,-0.1783054918050766
3012,-0.193882554769516
3013,0.34385812282562256
3014,-0.22315950691699982
3015,-0.1199936717748642
3016,0.08168244361877441
3017,0.03172595798969269
3018,-0.200375035405159
3019,-0.010990127921104431
3020,-0.05469250679016113
3021,0.06045810878276825
3022,-0.13429293036460876
3023,0.11216716468334198
3024,0.050410639494657516
3025,-0.1186993271112442
3026,0.0595412403345108
3027,-0.25809940695762634
3028,0.06398841738700867
3029,-0.06032648682594299
3030,0.09758710861206055
3031,0.1898789256811142
3032,0.02306799218058586
3033,-0.15361060202121735
3034,0.09601420909166336
3035,-0.13214299082756042
3036,0.26837682723999023
3037,0.17688903212547302
3038,0.13296163082122803
3039,0.07815631479024887
3040,-0.1353396475315094
3041,-0.06918477267026901
3042,0.015528555028140545
3043,0.34363651275634766
3044,0.04053261876106262
3045,-0.17974723875522614
3046,0.20089048147201538
3047,-0.06421464681625366
3048,0.06918122619390488
3049,0.26879528164863586
3050,-0.18003222346305847
3051,-0.03913804143667221
3052,0.05354902893304825
3053,-0.11955753713846207
3054,0.12806054949760437
3055,0.026565924286842346
3056,0.12180875986814499
3057,-0.034446876496076584
3058,-0.082051120698452
3059,0.11637620627880096
3060,0.04805171117186546
3061,0.14620625972747803
3062,0.11968521773815155
3063,0.1842939257621765
3064,-0.14834316074848175
3065,-0.1891087144613266
3066,-0.1469746232032776
3067,-0.16964228451251984
3068,0.10105571150779724
3069,-0.15231604874134064
3070,0.15340764820575714
3071,0.059109028428792953
3072,-0.13163772225379944
3073,0.11524667590856552
3074,0.04341505840420723
3075,0.053524598479270935
3076,-0.07516683638095856
3077,-0.08561743795871735
3078,-0.025835340842604637
3079,0.021531403064727783
3080,0.20124152302742004
3081,-0.14205296337604523
3082,-0.09569700062274933
3083,0.09726302325725555
3084,-0.2062029093503952
3085,-0.09793044626712799
3086,0.030319198966026306
3087,-0.07480058073997498
3088,0.14247481524944305
3089,0.04031451791524887
3090,-0.02542252093553543
3091,-0.040855713188648224
3092,0.030713018029928207
3093,-0.13018471002578735
3094,-0.2021169364452362
3095,-0.005468988791108131
3096,-0.006609484553337097
3097,-0.1392776370048523
3098,-0.02802301198244095
3099,0.050541557371616364
3100,-0.04421846568584442
3101,0.24553276598453522
3102,0.02912464737892151
3103,0.1363430619239807
3104,-0.25523704290390015
3105,-0.17226435244083405
3106,0.19100603461265564
3107,-0.14387090504169464
3108,-0.063449427485466
3109,0.18010181188583374
3110,0.1229775995016098
3111,0.04877303168177605
3112,-0.0378180593252182
3113,-0.17089475691318512
3114,-0.07805071026086807
3115,-0.053522057831287384
3116,-0.06799247115850449
3117,0.020007964223623276
3118,0.23920327425003052
3119,0.12404725700616837
3120,-0.04901611804962158
3121,0.06972924619913101
3122,0.08024588972330093
3123,-0.22207161784172058
3124,-0.24568068981170654
3125,0.03941625356674194
3126,-0.08926400542259216
3127,-0.06563149392604828
3128,-0.024647284299135208
3129,-0.023206263780593872
3130,0.05141250044107437
3131,-0.09752630442380905
3132,0.18385975062847137
3133,-0.12017669528722763
3134,0.457906574010849
3135,-0.05577027052640915
3136,-0.07593995332717896
3137,0.17230282723903656
3138,0.04200445115566254
3139,-0.13145819306373596
3140,0.03265420347452164
3141,-0.059850938618183136
3142,-0.09980116784572601
3143,0.008428122848272324
3144,-0.19407226145267487
3145,-0.0488506555557251
3146,-0.18319211900234222
3147,-0.10730762034654617
3148,-0.05929918959736824
3149,-0.0773877426981926
3150,0.03170675039291382
3151,0.16056814789772034
3152,-0.1552102267742157
3153,-0.017415430396795273
3154,0.18768762052059174
3155,-0.06970717012882233
3156,0.04366425797343254
3157,-0.01793331280350685
3158,-0.004125356674194336
3159,-0.0010016392916440964
3160,-0.096198670566082
3161,-0.06795016676187515
3162,-0.07834970206022263
3163,0.27287060022354126
3164,0.08723857253789902
3165,-0.05010485649108887
3166,0.33414268493652344
3167,-0.24439944326877594
3168,0.0889054387807846
3169,-0.1007477343082428
3170,0.23596420884132385
3171,0.022019023075699806
3172,-0.11165948212146759
3173,-0.056822359561920166
3174,-0.1338392198085785
3175,-0.09597525745630264
3176,0.3673796057701111
3177,0.00914536789059639
3178,0.25483837723731995
3179,0.0019973795861005783
3180,-0.00995868444442749
3181,0.03284516930580139
3182,0.039376500993967056
3183,0.31371623277664185
3184,-0.0458369106054306
3185,-0.05463065579533577
3186,0.17604869604110718
3187,0.010891854763031006
3188,-0.018312402069568634
3189,-0.09783942252397537
3190,0.12548284232616425
3191,0.13398250937461853
3192,-0.11564125865697861
3193,0.13684436678886414
3194,-0.0840354859828949
3195,0.0003583468496799469
3196,-0.0934428721666336
3197,0.024349629878997803
3198,0.01004323735833168
3199,-0.19227001070976257
3200,0.18733131885528564
3201,0.114702969789505
3202,-0.0646887794137001
3203,-0.3191562592983246
3204,-0.08093556761741638
3205,-0.041665758937597275
3206,0.1509973406791687
3207,0.09332899749279022
3208,0.16627806425094604
3209,-0.01839531771838665
3210,-0.18164271116256714
3211,-0.09454360604286194
3212,0.10548092424869537
3213,-0.11056855320930481
3214,-0.027892032638192177
3215,0.03357868641614914
3216,-0.11876875162124634
3217,0.0831342414021492
3218,-0.13107465207576752
3219,0.09258387237787247
3220,0.15210731327533722
3221,-0.024291008710861206
3222,-0.08443805575370789
3223,-0.09746317565441132
3224,0.014910630881786346
3225,0.26187634468078613
3226,0.11184316873550415
3227,0.04637870937585831
3228,0.2743588984012604
3229,-0.02102670818567276
3230,-0.035440847277641296
3231,0.08265340328216553
3232,-0.11073457449674606
3233,0.10881169140338898
3234,-0.02780884876847267
3235,0.0742054134607315
3236,0.17853674292564392
3237,-0.16323070228099823
3238,-0.045824505388736725
3239,-0.15472744405269623
3240,0.13535864651203156
3241,0.1707700490951538
3242,-0.22051399946212769
3243,0.1903165578842163
3244,0.2554378807544708
3245,0.10769283771514893
3246,0.13270755112171173
3247,-0.1460433304309845
3248,0.19129183888435364
3249,-0.22107473015785217
3250,0.037275150418281555
3251,0.13521799445152283
3252,-0.11243455111980438
3253,0.007701951079070568
3254,-0.013144422322511673
3255,-0.11379071325063705
3256,0.3067665696144104
3257,-0.10900329798460007
3258,-0.11631214618682861
3259,0.15261608362197876
3260,-0.11680424213409424
3261,0.016049332916736603
3262,-0.013117685914039612
3263,0.04462594538927078
3264,0.24952514469623566
3265,0.015029434114694595
3266,0.03685140609741211
3267,0.14455869793891907
3268,-0.13418340682983398
3269,0.2805357277393341
3270,-0.23960192501544952
3271,0.19085530936717987
3272,0.00012115389108657837
3273,-0.11107848584651947
3274,0.19566139578819275
3275,0.05947031080722809
3276,0.043997872620821
3277,0.18017126619815826
3278,-0.22078315913677216
3279,0.010202914476394653
3280,0.41117173433303833
3281,0.09135282039642334
3282,-0.09621965885162354
3283,-0.2994115650653839
3284,0.09187819063663483
3285,0.09424596279859543
3286,0.012562528252601624
3287,0.28291159868240356
3288,-0.27112165093421936
3289,0.09368856251239777
3290,0.20787441730499268
3291,-0.06399817764759064
3292,0.2925093472003937
3293,-0.11562512814998627
3294,-0.05837075039744377
3295,0.0009709345176815987
3296,0.0018875151872634888
3297,0.2688682973384857
3298,0.0970984473824501
3299,-0.0520193874835968
3300,-0.001993846148252487
3301,-0.058272190392017365
3302,0.13773494958877563
3303,0.2422730177640915
3304,-0.024538427591323853
3305,-0.07169658690690994
3306,0.18035127222537994
3307,0.18261151015758514
3308,-0.06841232627630234
3309,0.020364910364151
3310,0.2872250974178314
3311,-0.04880887642502785
3312,0.10771019756793976
3313,0.1792391836643219
3314,0.0941072627902031
3315,-0.16387175023555756
3316,0.06937099993228912
3317,0.17084060609340668
3318,0.0018867235630750656
3319,0.12316545099020004
3320,0.13368315994739532
3321,0.02768406644463539
3322,0.20906147360801697
3323,-0.1955438107252121
3324,-0.0902073010802269
3325,0.12836016714572906
3326,0.1502021849155426
3327,0.04231421649456024
3328,-0.04849126189947128
3329,-0.07712742686271667
3330,0.09653883427381516
3331,0.1762702763080597
3332,-0.08021090179681778
3333,0.044788140803575516
3334,-0.06391610950231552
3335,0.07800478488206863
3336,-0.014057673513889313
3337,0.18271709978580475
3338,-0.041114334017038345
3339,0.07601812481880188
3340,-0.034066155552864075
3341,-0.20292776823043823
3342,0.08669902384281158
3343,0.035155102610588074
3344,-0.38418468832969666
3345,-0.09561163932085037
3346,-0.04817219078540802
3347,-0.03425917029380798
3348,-0.2780189514160156
3349,0.22487400472164154
3350,-0.16367723047733307
3351,0.12167525291442871
3352,-0.0864354819059372
3353,0.18453362584114075
3354,0.13645723462104797
3355,0.18966129422187805
3356,-0.08225945383310318
3357,-0.018197350203990936
3358,0.2464451789855957
3359,0.1397206336259842
3360,0.13194537162780762
3361,-0.01826242357492447
3362,0.12630480527877808
3363,0.1540231555700302
3364,-0.04762014001607895
3365,0.09711746126413345
3366,-0.20125330984592438
3367,-0.008297182619571686
3368,-0.06392673403024673
3369,-0.05787646770477295
3370,0.015711553394794464
3371,-0.05041198804974556
3372,0.13037745654582977
3373,-1.763179898262024e-05
3374,-0.10913106799125671
3375,-0.005766436457633972
3376,0.11166335642337799
3377,-0.17493826150894165
3378,-0.06524518877267838
3379,-0.13593623042106628
3380,-0.16064947843551636
3381,0.20313139259815216
3382,-0.12503507733345032
3383,-0.15767911076545715
3384,0.16640731692314148
3385,-0.041216589510440826
3386,0.124898761510849
3387,-0.0684669092297554
3388,0.05029379203915596
3389,-0.09513512253761292
3390,0.17801132798194885
3391,0.0010466743260622025
3392,-0.012906514108181
3393,0.07465679943561554
3394,0.12212538719177246
3395,-0.22073155641555786
3396,0.08533250540494919
3397,-0.03755652904510498
3398,-0.03472515568137169
3399,0.04571761190891266
3400,0.23445671796798706
3401,0.07645802944898605
3402,0.12531526386737823
3403,-0.20904719829559326
3404,0.09967708587646484
3405,0.2632797360420227
3406,0.1696850210428238
3407,0.018090208992362022
3408,-0.014797983691096306
3409,-0.1645953506231308
3410,-0.025978151708841324
3411,0.318667471408844
3412,-0.0022646263241767883
3413,0.1241062730550766
3414,-0.25481295585632324
3415,0.17821082472801208
3416,-0.035308316349983215
3417,-0.08995142579078674
3418,0.04890444502234459
3419,0.016321105882525444
3420,0.09206925332546234
3421,-0.12231411039829254
3422,-0.054858967661857605
3423,-0.06270918250083923
3424,0.07878740131855011
3425,0.03507927432656288
3426,-0.023658573627471924
3427,0.03630915284156799
3428,-0.12685911357402802
3429,0.08095972239971161
3430,0.3014630675315857
3431,0.1562531292438507
3432,0.23379889130592346
3433,0.217992901802063
3434,0.16085214912891388
3435,0.334714412689209
3436,-0.14189279079437256
3437,0.005867707543075085
3438,0.0023489370942115784
3439,0.18625013530254364
3440,0.21144911646842957
3441,0.05373844504356384
3442,-0.07242925465106964
3443,0.2816709876060486
3444,-0.15849421918392181
3445,-0.13361123204231262
3446,-0.03886539489030838
3447,0.01983010023832321
3448,-0.05487793684005737
3449,-0.03820686414837837
3450,0.11397754400968552
3451,0.22048339247703552
3452,0.1432877629995346
3453,-0.021009493619203568
3454,0.30569568276405334
3455,0.1098320335149765
3456,-0.12140601128339767
3457,0.2109326869249344
3458,0.021782558411359787
3459,0.12653645873069763
3460,0.11734690517187119
3461,0.0713030993938446
3462,-0.11475805938243866
3463,-0.14189991354942322
3464,0.045197710394859314
3465,-0.05163493752479553
3466,0.0037897806614637375
3467,0.23326069116592407
3468,0.016429636627435684
3469,0.12442978471517563
3470,0.12168361246585846
3471,0.12099209427833557
3472,0.11275664716959
3473,0.12772269546985626
3474,-0.07945944368839264
3475,0.031584423035383224
3476,0.09601963311433792
3477,0.026434488594532013
3478,-0.014514990150928497
3479,-0.1353219896554947
3480,0.3256186246871948
3481,0.14586439728736877
3482,0.37625008821487427
3483,-0.16753315925598145
3484,0.13098369538784027
3485,0.1895032525062561
3486,0.022369278594851494
3487,-0.16347239911556244
3488,0.4147948622703552
3489,0.12455056607723236
3490,0.05577210336923599
3491,0.09884189814329147
3492,-0.13790693879127502
3493,0.07146898657083511
3494,0.07791993767023087
3495,0.11491469293832779
3496,0.02727435901761055
3497,0.1989871710538864
3498,-0.023527424782514572
3499,0.03644133731722832
3500,0.08673402667045593
3501,0.08337551355361938
3502,0.21110889315605164
3503,0.024436742067337036
3504,0.024088215082883835
3505,0.16806069016456604
3506,-0.1304749846458435
3507,-0.027368765324354172
3508,0.16132433712482452
3509,0.11984410881996155
3510,0.06995408982038498
3511,-0.0034581907093524933
3512,0.23725727200508118
3513,0.19633567333221436
3514,0.14280536770820618
3515,0.01535104587674141
3516,0.07887227833271027
3517,0.16887466609477997
3518,0.09339605271816254
3519,0.05237120762467384
3520,-0.11555680632591248
3521,-0.11750300228595734
3522,0.07563109695911407
3523,0.21870069205760956
3524,-0.22042644023895264
3525,-0.08634721487760544
3526,0.08785033226013184
3527,0.051012150943279266
3528,0.1347402036190033
3529,0.15020398795604706
3530,-0.024387769401073456
3531,0.1826939731836319
3532,0.1758541464805603
3533,-0.07453297823667526
3534,-0.06092594936490059
3535,0.06664663553237915
3536,0.23527145385742188
3537,-0.23953941464424133
3538,0.04878821223974228
3539,-0.24700909852981567
3540,-0.11559966206550598
3541,0.22165033221244812
3542,0.17405731976032257
3543,-0.09883932769298553
3544,0.3029542565345764
3545,-0.011522918939590454
3546,-0.013366710394620895
3547,0.11161039024591446
3548,0.22040283679962158
3549,-0.03960980474948883
3550,0.036672692745923996
3551,0.10816999524831772
3552,0.16234606504440308
3553,-0.1053977981209755
3554,0.09224629402160645
3555,0.035578325390815735
3556,0.23166966438293457
3557,-0.0742497593164444
3558,0.08628024160861969
3559,0.15165996551513672
3560,0.0500180721282959
3561,0.09932614117860794
3562,0.16113822162151337
3563,-0.0035656653344631195
3564,-0.09641531854867935
3565,0.14447574317455292
3566,-0.046006835997104645
3567,-0.11188856512308121
3568,0.026901327073574066
3569,-0.0018193051218986511
3570,0.05875035375356674
3571,0.23846696317195892
3572,0.0010214317589998245
3573,0.0008115246891975403
3574,0.0403815433382988
3575,-0.03476274758577347
3576,0.17772752046585083
3577,0.05624260753393173
3578,0.20858046412467957
3579,0.01800471916794777
3580,0.08375369757413864
3581,0.1136917695403099
3582,0.0490291491150856
3583,0.3754517436027527
3584,-0.1621568202972412
3585,0.18430447578430176
3586,0.08087728917598724
3587,0.05473571643233299
3588,-0.09232953190803528
3589,0.10830257833003998
3590,0.09912500530481339
3591,-0.015200462192296982
3592,-0.09065642207860947
3593,0.19520023465156555
3594,-0.05661246180534363
3595,0.05391538888216019
3596,0.06547681987285614
3597,0.012471133843064308
3598,0.1329239457845688
3599,-0.1323128640651703
3600,0.06856054812669754
3601,0.23993374407291412
3602,-0.17636293172836304
3603,-0.002350667491555214
3604,0.055074386298656464
3605,0.147044375538826
3606,-0.04226362705230713
3607,-0.08253201842308044
3608,-0.24081780016422272
3609,0.13008572161197662
3610,0.023653484880924225
3611,0.11768076568841934
3612,0.054369695484638214
3613,-0.12145387381315231
3614,0.084206223487854
3615,-0.002124406397342682
3616,-0.010729676112532616
3617,0.09661664068698883
3618,-0.15485787391662598
3619,0.31027644872665405
3620,0.04216074198484421
3621,0.27149447798728943
3622,0.062149062752723694
3623,0.02163257636129856
3624,-0.22883082926273346
3625,0.4142744839191437
3626,0.10253623872995377
3627,-0.10636879503726959
3628,-0.13599233329296112
3629,0.1796790212392807
3630,-0.0017262483015656471
3631,-0.02992425486445427
3632,0.06102161109447479
3633,0.2562825083732605
3634,0.05367712676525116
3635,-0.0028143469244241714
3636,0.2559242248535156
3637,0.13103535771369934
3638,0.1517648696899414
3639,0.30469250679016113
3640,-0.0530109703540802
3641,0.18779762089252472
3642,0.12292827665805817
3643,0.10991060733795166
3644,-0.09397764503955841
3645,0.19417771697044373
3646,-0.026113376021385193
3647,0.16860878467559814
3648,0.028222739696502686
3649,-0.0211736261844635
3650,0.061521559953689575
3651,0.05723363161087036
3652,0.046144451946020126
3653,0.2402372658252716
3654,-0.050370410084724426
3655,0.18345186114311218
3656,0.2855253219604492
3657,0.2684108018875122
3658,-0.11613576114177704
3659,-0.1676705777645111
3660,0.2497594654560089
3661,-0.1873355358839035
3662,-0.004798324778676033
3663,0.05448872968554497
3664,-0.047667719423770905
3665,0.022711725905537605
3666,0.2102895826101303
3667,-0.14140693843364716
3668,0.09014856815338135
3669,-0.00815599225461483
3670,-0.07105457782745361
3671,0.17831476032733917
3672,0.09435819834470749
3673,-0.10932672768831253
3674,0.21384796500205994
3675,0.394363135099411
3676,-0.012593615800142288
3677,-0.06418226659297943
3678,0.07239090651273727
3679,0.13111191987991333
3680,0.08044582605361938
3681,0.18152621388435364
3682,0.0959409773349762
3683,0.1111871749162674
3684,0.09272029995918274
3685,0.20332199335098267
3686,-0.021592359989881516
3687,0.1293603777885437
3688,0.06075277179479599
3689,0.00045389123260974884
3690,0.29920026659965515
3691,-0.20477449893951416
3692,0.26847976446151733
3693,0.10728742182254791
3694,0.020131945610046387
3695,0.02316867560148239
3696,0.2225569635629654
3697,0.21387000381946564
3698,0.3229256272315979
3699,-0.16034352779388428
3700,-0.10107269883155823
3701,0.127173513174057
3702,-0.16470424830913544
3703,-0.11434362083673477
3704,0.16670800745487213
3705,0.09459562599658966
3706,0.11687465012073517
3707,-0.08436115831136703
3708,-0.30735138058662415
3709,0.21382394433021545
3710,0.04469379037618637
3711,0.15486271679401398
3712,0.1306457221508026
3713,0.1482381969690323
3714,0.15935279428958893
3715,-0.041990358382463455
3716,-0.10547709465026855
3717,0.2348133623600006
3718,0.08595836907625198
3719,-0.31666529178619385
3720,0.1487494558095932
3721,0.11467127501964569
3722,-0.15012474358081818
3723,0.3004583418369293
3724,0.07396921515464783
3725,-0.057429663836956024
3726,0.28128504753112793
3727,-0.01919466257095337
3728,0.08706612884998322
3729,0.11430656164884567
3730,0.046464644372463226
3731,0.10856348276138306
3732,-0.10046270489692688
3733,-0.001592203974723816
3734,0.10543791204690933
3735,0.050071604549884796
3736,0.01889343559741974
3737,0.048597294837236404
3738,0.019479945302009583
3739,0.03180325776338577
3740,0.10622034221887589
3741,0.07849252223968506
3742,-0.08990849554538727
3743,-0.1384192705154419
3744,-0.0883776843547821
3745,-0.15933357179164886
3746,0.221431165933609
3747,0.047837212681770325
3748,0.17325717210769653
3749,0.11587383598089218
3750,-0.09311467409133911
3751,0.33004772663116455
3752,0.08248092234134674
3753,0.14046260714530945
3754,-0.11794036626815796
3755,-0.1059863269329071
3756,0.13404236733913422
3757,0.06546871364116669
3758,0.008927937597036362
3759,0.10033446550369263
3760,-0.01657605916261673
3761,-0.010370742529630661
