Step,Loss
1,0.0342617966234684
2,0.1220955029129982
3,0.008256366476416588
4,-0.06355214864015579
5,-0.04540110006928444
6,-0.015720777213573456
7,0.018858853727579117
8,0.009202164597809315
9,0.015804950147867203
10,0.021435052156448364
11,-0.03433067351579666
12,-0.08663325011730194
13,-0.0632452666759491
14,-0.07239940762519836
15,-0.03457465022802353
16,-0.036038413643836975
17,-0.02108773961663246
18,-0.022256577387452126
19,-0.12743732333183289
20,-0.10698872804641724
21,-0.10309553146362305
22,-0.0884685218334198
23,-0.08972539007663727
24,-0.08868908137083054
25,-0.14819899201393127
26,-0.2433512806892395
27,-0.273608535528183
28,-0.1762186586856842
29,-0.08405477553606033
30,-0.061962470412254333
31,-0.17971307039260864
32,-0.1952160745859146
33,-0.1752205491065979
34,-0.14906181395053864
35,-0.12986084818840027
36,-0.16945484280586243
37,-0.29643428325653076
38,-0.21844170987606049
39,-0.23579883575439453
40,-0.23811785876750946
41,-0.287670761346817
42,-0.341804176568985
43,-0.26271313428878784
44,-0.2743551731109619
45,-0.35130152106285095
46,-0.29850590229034424
47,-0.3323113024234772
48,-0.3781734108924866
49,-0.37766507267951965
50,-0.3407590985298157
51,-0.30497708916664124
52,-0.28943541646003723
53,-0.3558879792690277
54,-0.27322036027908325
55,-0.3612796664237976
56,-0.3871583938598633
57,-0.14443866908550262
58,-0.14412081241607666
59,-0.20990976691246033
60,-0.27469661831855774
61,-0.2504551112651825
62,-0.14489808678627014
63,-0.09706338495016098
64,-0.07083296030759811
65,-0.12039707601070404
66,0.06316596269607544
67,0.018993649631738663
68,0.05155487358570099
69,0.14431117475032806
70,0.19603274762630463
71,0.22225148975849152
72,0.25476354360580444
73,0.31692686676979065
74,0.27413210272789
75,0.32285407185554504
76,0.27428340911865234
77,0.22165773808956146
78,0.07099614292383194
79,0.17002083361148834
80,0.11888113617897034
81,0.11186573654413223
82,0.0809999406337738
83,0.04985371232032776
84,-0.011653238907456398
85,0.1228812038898468
86,-0.018954573199152946
87,-0.11389879882335663
88,-0.11333728581666946
89,-0.09036748856306076
90,-0.05056558549404144
91,-0.09280499070882797
92,-0.04891300946474075
93,-0.18394052982330322
94,-0.16241689026355743
95,-0.10328277945518494
96,-0.2035350650548935
97,-0.19258512556552887
98,-0.13219000399112701
99,-0.2519782781600952
100,-0.2963557541370392
101,-0.20961473882198334
102,-0.19482702016830444
103,-0.18690866231918335
104,-0.3135870695114136
105,-0.22962035238742828
106,-0.24095341563224792
107,-0.1716819703578949
108,-0.279256135225296
109,-0.36467766761779785
110,-0.31463682651519775
111,-0.18017175793647766
112,-0.2838459014892578
113,-0.24384325742721558
114,-0.2242702841758728
115,-0.21996580064296722
116,-0.25876501202583313
117,-0.24017268419265747
118,-0.20199590921401978
119,-0.33547037839889526
120,-0.2619689404964447
121,-0.21948464214801788
122,-0.2428060919046402
123,-0.30979278683662415
124,-0.2947880029678345
125,-0.2673127353191376
126,-0.3059481680393219
127,-0.20818987488746643
128,-0.19625242054462433
129,-0.2236897051334381
130,-0.27608174085617065
131,-0.22136594355106354
132,-0.2562892436981201
133,-0.2703455984592438
134,-0.19206112623214722
135,-0.2616032660007477
136,-0.16385787725448608
137,-0.3035009801387787
138,-0.2746610641479492
139,-0.21143968403339386
140,-0.2957736551761627
141,-0.22896096110343933
142,-0.31625470519065857
143,-0.19405722618103027
144,-0.17545020580291748
145,-0.1820441037416458
146,-0.2542661726474762
147,-0.23469211161136627
148,-0.13062208890914917
149,-0.2186945080757141
150,-0.327068567276001
151,-0.28127962350845337
152,-0.250998854637146
153,-0.25993379950523376
154,-0.28835833072662354
155,-0.2554495632648468
156,-0.24226024746894836
157,-0.27898821234703064
158,-0.25629618763923645
159,-0.26229777932167053
160,-0.3687136769294739
161,-0.18516495823860168
162,-0.15655231475830078
163,-0.30587857961654663
164,-0.24678190052509308
165,-0.21237275004386902
166,-0.26140961050987244
167,-0.3081534802913666
168,-0.30341359972953796
169,-0.26486101746559143
170,-0.22414851188659668
171,-0.2341538667678833
172,-0.18107181787490845
173,-0.2655826508998871
174,-0.19834443926811218
175,-0.24544963240623474
176,-0.20688575506210327
177,-0.2493869513273239
178,-0.2308233678340912
179,-0.14506596326828003
180,-0.2284177839756012
181,-0.27317947149276733
182,-0.16915035247802734
183,-0.2991231083869934
184,-0.29605501890182495
185,-0.21269674599170685
186,-0.32233157753944397
187,-0.19913144409656525
188,-0.0825001448392868
189,-0.2165675163269043
190,-0.2061028927564621
191,-0.136830672621727
192,-0.14477290213108063
193,-0.22692173719406128
194,-0.22431305050849915
195,-0.2478637397289276
196,-0.20329542458057404
197,-0.18903730809688568
198,-0.2159266173839569
199,-0.22305597364902496
200,-0.21483339369297028
201,-0.2287130057811737
202,-0.23619626462459564
203,-0.09093776345252991
204,-0.11988511681556702
205,-0.207841157913208
206,-0.133564293384552
207,-0.16567593812942505
208,-0.17364628612995148
209,-0.15755751729011536
210,-0.07457618415355682
211,-0.21685285866260529
212,-0.20394659042358398
213,-0.11557848751544952
214,-0.16838295757770538
215,-0.05661956965923309
216,-0.13287708163261414
217,-0.20959633588790894
218,-0.12103918939828873
219,-0.16803264617919922
220,-0.10543426871299744
221,-0.13274875283241272
222,0.021179161965847015
223,-0.09655119478702545
224,-0.06920087337493896
225,-0.004376283846795559
226,-0.16775088012218475
227,-0.08528327196836472
228,-0.06990174949169159
229,-0.03397533297538757
230,-0.02327178232371807
231,-0.05035189166665077
232,-0.13570937514305115
233,-0.11006107181310654
234,-0.2288426011800766
235,-0.02588408812880516
236,-0.09415950626134872
237,-0.20054204761981964
238,-0.12164836376905441
239,-0.19623926281929016
240,-0.08578293770551682
241,-0.14562676846981049
242,-0.18558049201965332
243,-0.12062215805053711
244,-0.20376673340797424
245,-0.24635964632034302
246,-0.05607398599386215
247,-0.1837376058101654
248,-0.17168636620044708
249,-0.12167302519083023
250,-0.1630152016878128
251,-0.13890820741653442
252,-0.171024352312088
253,-0.21622735261917114
254,-0.136458620429039
255,-0.2007046341896057
256,-0.2451036274433136
257,-0.18715649843215942
258,-0.17526480555534363
259,-0.2025824785232544
260,-0.24354180693626404
261,-0.2963194251060486
262,-0.21547344326972961
263,-0.1978471428155899
264,-0.22005751729011536
265,-0.2480759173631668
266,-0.20525123178958893
267,-0.22392916679382324
268,-0.25300657749176025
269,-0.33452126383781433
270,-0.22594515979290009
271,-0.2721943259239197
272,-0.2991088032722473
273,-0.26110905408859253
274,-0.19461792707443237
275,-0.2605343461036682
276,-0.31346461176872253
277,-0.22437454760074615
278,-0.32357993721961975
279,-0.24524801969528198
280,-0.23177485167980194
281,-0.2970961332321167
282,-0.2410147339105606
283,-0.222769096493721
284,-0.2587398886680603
285,-0.27777421474456787
286,-0.3434646725654602
287,-0.32524359226226807
288,-0.3078189790248871
289,-0.38676318526268005
290,-0.2949334979057312
291,-0.2716867923736572
292,-0.31399792432785034
293,-0.2053065001964569
294,-0.34676313400268555
295,-0.28578945994377136
296,-0.14341746270656586
297,-0.25905299186706543
298,-0.24076686799526215
299,-0.2245151847600937
300,-0.35461583733558655
301,-0.2413308024406433
