Step,Distance
1,1.5298672634144281
2,1.5299996451004436
3,1.530198277070777
4,1.5304632306000976
5,1.5307946006579096
6,1.5311925058629365
7,1.531657088433882
8,1.5321885139047162
9,1.5327869709998736
10,1.533452671729415
11,1.534185851027736
12,1.5349867667499182
13,1.5358556996421577
14,1.5367929532640965
15,1.5377988533710918
16,1.5388737472247134
17,1.5400180040500742
18,1.5412320141249356
19,1.542448532604955
20,1.5436675541732965
21,1.544889070927822
22,1.5461130761385515
23,1.5473395635481149
24,1.5485685263194224
25,1.549799958466308
26,1.5510338534829584
27,1.5522702052435529
28,1.5535090078833245
29,1.5547502556067205
30,1.5559939431607348
31,1.5572400633061247
32,1.5584886100610607
33,1.5597395780369434
34,1.5609929604543655
35,1.5622487513936885
36,1.5635069435782833
37,1.5647675303987487
38,1.5660305057429431
39,1.567295863388506
40,1.568563596339906
41,1.5698336983657992
42,1.5711061642258053
43,1.5723809883621285
44,1.5736581651263217
45,1.574937687482195
46,1.5762195478025849
47,1.5775037402343313
48,1.5787902602216286
49,1.5800791030561656
50,1.5813702623306078
51,1.5826637310708294
52,1.5839595039319443
53,1.5852575749625482
54,1.586557937068012
55,1.5878605845059823
56,1.5891655122679693
57,1.5904727143399617
58,1.5917821844736924
59,1.5930939162055564
60,1.5944079043111157
61,1.5957241431325726
62,1.597042626252146
63,1.5983633476432437
64,1.5996863016845537
65,1.601011482328773
66,1.6023388831202994
67,1.6036684974050366
68,1.6050003203835008
69,1.6063343457328925
70,1.607670567137678
71,1.6090089800771337
72,1.6103495769569045
73,1.6116923502377678
74,1.6130372940085866
75,1.6143844033541441
76,1.6157336737558516
77,1.6170850987215901
78,1.6184386717011296
79,1.6197943888244355
80,1.6211522439354087
81,1.6225122303517234
82,1.6238743433094611
83,1.625238576891327
84,1.62660492564682
85,1.6279733848404583
86,1.6293439477658809
87,1.6307166085184397
88,1.6320913612124708
89,1.633468200115161
90,1.6348471204466928
91,1.6362281156410063
92,1.6376111803878597
93,1.6389963094069888
94,1.640383496040238
95,1.6417727347598245
96,1.6431640201681548
97,1.6445573460599126
98,1.6459527069058508
99,1.6473500972167519
100,1.6487495114322714
101,1.650150945106954
102,1.6515543923216693
103,1.652959847130284
104,1.6543673047491516
105,1.65577675834103
106,1.6571882024013742
107,1.6586016319550045
108,1.6600170406844839
109,1.6614344238715029
110,1.6628537756975574
111,1.6642750901366754
112,1.6656983632359186
113,1.6671235894479088
114,1.6685507630661809
115,1.6699798798249639
116,1.671410933635083
117,1.6728439177780001
118,1.6742788258301913
119,1.6757156527396704
120,1.6771543947994711
121,1.6785950456863994
122,1.6800376004432804
123,1.6814820547277942
124,1.6829284023697386
125,1.684376638132378
126,1.6858267569236751
127,1.687278753941531
128,1.6887326244311307
129,1.6901883633625356
130,1.6916459643040795
131,1.6931054206503302
132,1.694566728422442
133,1.696029883792173
134,1.6974948807242127
135,1.6989617136837825
136,1.7004303770781661
137,1.701900865420904
138,1.7033731744222325
139,1.7048472986563354
140,1.7063232332505418
141,1.707800972442938
142,1.7092805110290166
143,1.7107618453590725
144,1.7122449696493214
145,1.7137298784618942
146,1.715216566134081
147,1.716705026887643
148,1.7181952558578748
149,1.7196872482249264
150,1.721180998720212
151,1.722676502680892
152,1.5298672634096948
153,1.5299996450677615
154,1.5301982769660385
155,1.5304632303794357
156,1.5307946002096582
157,1.5311925050214936
158,1.53165708701341
159,1.5321885116789415
160,1.5327869678493278
161,1.5334526675677196
162,1.5341858457550583
163,1.5349867602667917
164,1.5358556918495156
165,1.5367929440633072
166,1.537798842663989
167,1.5388737349136328
168,1.5400179900378843
169,1.5412319983150715
170,1.5424485150010205
171,1.5436675347788955
172,1.5448890497465575
173,1.5461130531740268
174,1.5473395388039337
175,1.5485684997991889
176,1.549799930173627
177,1.5510338234214338
178,1.5522701734167907
179,1.5535089742949297
180,1.554750220260298
181,1.5559939060598929
182,1.5572400244544693
183,1.558488569462197
184,1.5597395356944788
185,1.5609929163719056
186,1.5622487055748389
187,1.5635068960266492
188,1.5647674811179328
189,1.56603045473655
190,1.5672958106601378
191,1.5685635418931654
192,1.5698336422042862
193,1.5711061063531202
194,1.5723809287818722
195,1.5736581038420943
196,1.5749376244975961
197,1.5762194831212104
198,1.5775036738597772
199,1.5787901921574905
200,1.58007903330604
201,1.5813701908980888
202,1.5826636579595093
203,1.5839594291454169
204,1.5852574985044035
205,1.5865578589418385
206,1.5878605047153675
207,1.5891654308165002
208,1.5904726312312252
209,1.5917820997112708
210,1.5930938297930315
211,1.5944078162520694
212,1.5957240534305837
213,1.597042534910793
214,1.5983632546661006
215,1.5996862070751945
216,1.6010113860907695
217,1.6023387852572208
218,1.6036683979204505
219,1.6050002192809731
220,1.6063342430159866
221,1.6076704628099556
222,1.6090088741421533
223,1.610349469418223
224,1.611692241098937
225,1.613037183273156
226,1.6143842910256625
227,1.6157335598378666
228,1.617084983217646
229,1.6184385546147664
230,1.619794270159194
231,1.6211521236948268
232,1.6225121085393353
233,1.6238742199287997
234,1.625238451945921
235,1.6266047991401966
236,1.627973256776143
237,1.6293438181473958
238,1.630716477349303
239,1.6320912284961988
240,1.6334680658552663
241,1.6348469846466853
242,1.6362279783043927
243,1.6376110415181435
244,1.6389961690076724
245,1.6403833541148192
246,1.641772591311797
247,1.6431638752010107
248,1.6445571995771375
249,1.6459525589109307
250,1.6473499477131672
251,1.6487493604234997
252,1.6501507925964718
253,1.651554238312949
254,1.6529596916267932
255,1.6543671477543556
256,1.6557765998583895
257,1.657188003832466
258,1.6586013166723836
259,1.6600164947104108
260,1.6614334951343983
261,1.662852275551898
262,1.6642727936687922
263,1.6656950090707472
264,1.6671188799442238
265,1.66854436505536
266,1.6699714251225
267,1.6714000192444665
268,1.6728301063807858
269,1.6742616461307844
270,1.675694599236556
271,1.6771289270174328
272,1.678564589359268
273,1.6800015478995003
274,1.6814397646304289
275,1.6828792006060302
276,1.6843198172969864
277,1.6857615767010155
278,1.6872044413556173
279,1.6886483731480293
280,1.6900933336696575
281,1.6915392844576729
282,1.6929861867318523
283,1.6944340038773067
284,1.6958826998084628
285,1.6973322365831565
286,1.6987825767903835
287,1.7002336846550334
288,1.701685523622171
289,1.7031380558539417
290,1.7045912442334428
291,1.706045051522196
292,1.707499439489006
293,1.7089543701381456
294,1.7104098067471714
295,1.7118657115937845
296,1.7133220472753097
297,1.714778777367422
298,1.716235864908132
299,1.7176932760469406
300,1.7191509788727888
301,1.7206089443427366
302,1.722067140251207
303,0.907040087370972
304,0.9072586868057969
305,0.9075865948949368
306,0.9080238225092269
307,0.9085703842617202
308,0.9092262985021424
309,0.909991587224244
310,0.9108662760795462
311,0.9118503940038428
312,0.9129439732804998
313,0.9141470490003445
314,0.9154596592897265
315,0.9168818441929228
316,0.9184136462685103
317,0.9200551096079658
318,0.9218062803474868
319,0.9236672052836087
320,0.9256379327104689
321,0.9276089977171021
322,0.9295803918844298
323,0.9315521064168876
324,0.9335241328819988
325,0.9354964623995342
326,0.93746908604996
327,0.9394419947651729
328,0.9414151796765106
329,0.9433886316345421
330,0.9453623415099306
331,0.9473362996307416
332,0.9493104965608976
333,0.9512849225721072
334,0.9532595681369259
335,0.9552344237486435
336,0.9572094800628771
337,0.9591847277077012
338,0.9611601573504629
339,0.9631357596439865
340,0.9651115254361036
341,0.9670874455825558
342,0.969063510846327
343,0.9710397121377389
344,0.9730160406744549
345,0.9749924876334817
346,0.9769690442403085
347,0.9789457019838084
348,0.9809224523650513
349,0.9828992871599039
350,0.9848761981157682
351,0.9868531769579542
352,0.9888302157062033
353,0.9908073065404528
354,0.9927844415658231
355,0.9947616127867999
356,0.9967388122754364
357,0.9987160321577345
358,1.0006932644510211
359,1.0026705011556498
360,1.0046477343688895
361,1.0066249562317275
362,1.0086021587946876
363,1.0105793341137639
364,1.012556474312382
365,1.0145335712755237
366,1.0165106168340001
367,1.0184876026075362
368,1.020464520201264
369,1.0224413611320886
370,1.0244181170086537
371,1.0263947793054073
372,1.0283713395710627
373,1.0303477891819086
374,1.0323241195220019
375,1.034300322143025
376,1.0362763883227795
377,1.0382523094625689
378,1.0402280768913241
379,1.04220368185757
380,1.04417911576045
381,1.046154369559686
382,1.048129434277613
383,1.0501043009391318
384,1.0520789602115144
385,1.0540534028814594
386,1.05602761984294
387,1.0580016017578127
388,1.0599753390206883
389,1.0619488216585888
390,1.0639220396404299
391,1.0658949827070503
392,1.0678676405589125
393,1.0698400025015125
394,1.071812057768722
395,1.0737837951866187
396,1.0757552034050544
397,1.0777262707722686
398,1.0796969855284846
399,1.0816673354581665
400,1.0836373082028508
401,1.0856068911273622
402,1.0875760715690674
403,1.0895448366736242
404,1.091513173483834
405,1.0934810687967709
406,1.0954485091531243
407,1.0974154804278102
408,1.0993819682628843
409,1.1013479574079994
410,1.1033134320502407
411,1.1052783753544493
412,1.1072427703651329
413,1.1092065986752266
414,1.1111698418013398
415,1.1131324808556766
416,1.1150944968253678
417,1.1170558695286796
418,1.1190165786372333
419,1.1209766028668753
420,1.1229359201986582
421,1.124894506711991
422,1.1268523381805322
423,1.12880938760899
424,1.1307656278433653
425,1.1327210304589332
426,1.134675566436771
427,1.1366292047809985
428,1.1385819137129034
429,1.1405336592970232
430,1.1424844071027174
431,1.1444341226744759
432,1.146382770721399
433,1.1483303152676028
434,1.1502767197026147
435,1.1522219443109665
436,1.1541659492580194
437,1.1561086912129714
438,1.1580501256053026
439,1.1599902045702062
440,1.1619288798353307
441,1.1638660981662143
442,1.1658018062572202
443,1.1677359458348837
444,1.169668456020862
445,1.1715992686111376
446,1.1735283137686772
447,1.1754555161609377
448,1.1773807999407426
449,1.1793040837909399
450,1.181225283371812
451,1.1831443071682815
452,1.1850610635612946
453,1.1869754556692438
454,1.1888873803055306
455,1.1907967237903962
456,1.1927033721837914
457,1.194607200159662
458,1.1965080796219352
459,1.1984058714613046
460,1.2003004329668192
461,1.2021916146493676
462,1.2040792589241474
463,1.2059631899854164
464,1.2078432283802818
465,1.2097191815898374
466,1.2115908526497605
467,1.213458030517659
468,1.2153205005486634
469,1.2171780237732486
470,1.2190303582620354
471,1.2208772474622833
472,1.2227184269644127
473,1.224553618922038
474,1.2263825363051628
475,1.228204862382642
476,1.2300202698259053
477,1.2318284040252043
478,1.2336289039281105
479,1.235421381111483
480,1.2372054334034233
481,1.2389806341417375
482,1.2407465463006981
483,1.2425027115563974
484,1.2442486537897426
485,1.2459838809276587
486,1.2477079022733129
487,1.2494202089935715
488,1.251120270213389
489,1.2528075752979349
490,1.2544815952707067
491,1.256141794912407
492,1.2577876331216167
493,1.2594186042692916
494,1.261034187881495
495,1.2626338982846983
496,1.2642172316754474
497,1.2657837594031403
498,1.2673330543421184
499,1.2688647569123708
500,1.2703785115072546
501,1.271874048187496
502,1.2733511187087638
503,1.2748095730796831
504,1.276249262421613
505,1.2776701418289966
506,1.2790722510743753
507,1.2804557149456877
508,1.2818206397374252
509,1.2831672198333195
510,1.2844956886250178
511,1.2858063711868841
512,1.2870995416799156
513,1.2883754765940083
514,1.2896344580656447
515,1.2908767852629839
516,1.2921027735197697
517,1.2933127637195647
518,1.2945071073330263
519,1.2956861703819058
520,1.296850328451915
521,1.2979999665918867
522,1.2991354783950204
523,1.3002572572544828
524,1.315898942241349
525,1.3157906890166806
526,1.3156230998674159
527,1.315392625621056
528,1.3150956182977185
529,1.314728299422435
530,1.314286729719834
531,1.3137667803156952
532,1.3131641056407188
533,1.3124894084586158
534,1.3117442129233372
535,1.3109390685603903
536,1.3100626886182447
537,1.309126718663628
538,1.3081191157400638
539,1.3070516393929485
540,1.3059113299866385
541,1.3047099716497812
542,1.3035025095094668
543,1.302300421550555
544,1.3010922797490816
545,1.2998880886609878
546,1.298678142683
547,1.2974720736387682
548,1.296260622057855
549,1.295052322616145
550,1.2938389494326035
551,1.292628144026277
552,1.2914125979260538
553,1.2901994119837608
554,1.2889816482342675
555,1.2877660903193044
556,1.2865465264904987
557,1.2853289756034845
558,1.2841075127109036
559,1.2828876474224442
560,1.2816642888529406
561,1.280441807712333
562,1.2792158679924104
563,1.277990595201953
564,1.2767620509784983
565,1.275533767006709
566,1.2743023146359902
567,1.2730709480359796
568,1.2718365929104187
569,1.2706022281020217
570,1.2693648793110548
571,1.2681274208801132
572,1.26688702669583
573,1.265646266275382
574,1.2644028966121303
575,1.2631590597874933
576,1.261912697153826
577,1.2606656390072568
578,1.2594160487046504
579,1.2581656217512796
580,1.2569126220309408
581,1.2556584281546308
582,1.2544018122093654
583,1.2531437915323018
584,1.2518834627410829
585,1.2506215752004284
586,1.2493573388161687
587,1.248091458815321
588,1.2468232649621873
589,1.245553201791423
590,1.244280916035347
591,1.2430063339659225
592,1.2417294778073502
593,1.2404504052512586
594,1.2391689645698405
595,1.237885097670101
596,1.2365990433866996
597,1.2353103010487516
598,1.2340192730184045
599,1.2327254042899591
600,1.2314292349078815
601,1.230130025544995
602,1.2288283888511313
603,1.2275234627931977
604,1.2262163094700385
605,1.2249057854808352
606,1.2235928661942546
607,1.2222765593539058
608,1.2209578449028349
609,1.2196356393926677
610,1.2183109402341525
611,1.2169828056547514
612,1.2156521098526738
613,1.2143178131797556
614,1.2129809294981613
615,1.2116405280038793
616,1.2102976018353409
617,1.208950978158309
618,1.2076018029167364
619,1.2062489491604698
620,1.2048934643345424
621,1.2035342624425223
622,1.2021723630276935
623,1.200806758988293
624,1.1994384572853292
625,1.19806628238218
626,1.196691368403132
627,1.1953124608723402
628,1.193930846207561
629,1.1925452356775326
630,1.1911567765083868
631,1.1897643524828876
632,1.1883690375555525
633,1.1869696985938198
634,1.185567489496736
635,1.1841612577984677
636,1.1827520702753729
637,1.1813386673388933
638,1.179922344690725
639,1.178501813626066
640,1.177078284486003
641,1.1756505173709983
642,1.1742197546111537
643,1.1727845755352715
644,1.1713464038532284
645,1.1699038412505949
646,1.1684581550064292
647,1.1670079482780504
648,1.1655545953797917
649,1.164096784602521
650,1.1626358037437974
651,1.1611701554483986
652,1.1597013133922163
653,1.1582278131380508
654,1.156751018058573
655,1.1552694022098313
656,1.1537845301197729
657,1.152294741281806
658,1.1508016324066597
659,1.1493035056910461
660,1.1478019547729026
661,1.1462953444523267
662,1.1447853234429979
663,1.1432701906585134
664,1.1417514183196578
665,1.1402273085958932
666,1.1386997135849461
667,1.1371665784741893
668,1.135629790088487
669,1.1340873213254752
670,1.1325413075428679
671,1.1309894920109982
672,1.1294338579345014
673,1.1278724422948974
674,1.1263073349291535
675,1.1247361707668722
676,1.1231611211497954
677,1.1215797832423304
678,1.119994575632815
679,1.1184029562969784
680,1.1168074710702445
681,1.1152055204469817
682,1.1135995352202634
683,1.1119870728318726
684,1.1103705035712015
685,1.1087472018778324
686,1.107119645099637
687,1.1054853936328537
688,1.1038468865234528
689,1.1022014023728965
690,1.1005517879553528
691,1.098895150677572
692,1.097234128729871
693,1.0955659736607852
694,1.0938935322206988
695,1.0922137582159597
696,1.0905296013452808
697,1.0888379982262988
698,1.0871419773712034
699,1.085438218979331
700,1.0837301588151405
701,1.082014316467528
702,1.0802938301329446
703,1.0785655213147654
704,1.0768326505383403
705,1.0750919111846433
706,1.073346542822878
707,1.0715931530631762
708,1.069835120997094
709,1.9133763210117833
710,1.9134752366217527
711,1.9136237261399307
712,1.9138219828320686
713,1.9140703265581867
714,1.914369235529419
715,1.9147193780096736
716,1.9151215412035287
717,1.9155765657372557
718,1.9160853780513365
719,1.9166490146709152
720,1.917268616720705
721,1.9179454372984464
722,1.9186808365512593
723,1.9194762853473046
724,1.9203333591047893
725,1.9212537461994181
726,1.9222392378124076
727,1.9232360237776367
728,1.9242441193242696
729,1.9252635345319875
730,1.9262942840524575
731,1.9273363731026494
732,1.9283898041157366
733,1.9294545712964437
734,1.9305306669927729
735,1.9316180769035904
736,1.9327167817409778
737,1.9338267569780392
738,1.9349479817864597
739,1.936080411802956
740,1.9372239946376864
741,1.938378662993648
742,1.9395443600541002
743,1.94072101392928
744,1.9419085414845099
745,1.943106860202078
746,1.94431589293737
747,1.9455355410744044
748,1.946765705492999
749,1.9480062942323044
750,1.9492572187705757
751,1.9505183862164943
752,1.9517897015483634
753,1.9530710728284262
754,1.954362410680299
755,1.9556636255896767
756,1.9569746249252595
757,1.9582953276161839
758,1.9596256545097348
759,1.9609655281185954
760,1.962314871348943
761,1.9636736124549254
762,1.9650416853682433
763,1.9664190239485575
764,1.9678055530448435
765,1.969201207577627
766,1.970605922369751
767,1.9720196310281455
768,1.9734422668216145
769,1.9748737635859874
770,1.9763140556186527
771,1.9777630751024498
772,1.9792207563986273
773,1.9806870334046938
774,1.9821618335276847
775,1.9836450854149694
776,1.9851367217012303
777,1.9866366695121918
778,1.9881448547323808
779,1.9896611994578235
780,1.9911856268472123
781,1.9927180588969358
782,1.9942584159004386
783,1.9958066178289025
784,1.997362589294804
785,1.998926250228259
786,2.0004975186697194
787,2.00207630699662
788,2.0036625284960405
789,2.005256098915978
790,2.0068569328291543
791,2.008464938454176
792,2.010080017206758
793,2.011702082280398
794,2.0133310526524855
795,2.0149668440956674
796,2.01660937520213
797,2.018258565241523
798,2.0199143338258727
799,2.021576600852314
800,2.0232452865737556
801,2.0249203113076346
802,2.0266015957458987
803,2.0282890611290836
804,2.029982629078966
805,2.0316822215309447
806,2.0333877608140165
807,2.035099169586364
808,2.036816370911618
809,2.038539287881862
810,1.2911063369640807
811,1.2911733334465225
812,1.2912739756722174
813,1.2914084980848544
814,1.2915772795103806
815,1.291780877051772
816,1.292020060008482
817,1.292295789576379
818,1.2926091070303862
819,1.2929611031703891
820,1.2933529821521925
821,1.293786064884524
822,1.2942617868546313
823,1.294781696711015
824,1.2953474562161034
825,1.2959608333141355
826,1.296623705045327
827,1.2973380426282808
828,1.2980651425554812
829,1.2988049379167674
830,1.2995573664795894
831,1.3003223591039814
832,1.3010998437126802
833,1.3018897488392864
834,1.3026920033379894
835,1.3035065365439207
836,1.3043332779644663
837,1.3051721578569342
838,1.3060231026674263
839,1.3068860452467546
840,1.3077609254744715
841,1.3086476866742636
842,1.3095462679242056
843,1.310456620358701
844,1.3113786915392571
845,1.3123124385087308
846,1.3132578173787546
847,1.3142147802314887
848,1.3151832821929754
849,1.3161632849922995
850,1.3171547460954438
851,1.3181576262365482
852,1.3191718891788606
853,1.3201975021934274
854,1.321234432167541
855,1.3222826522991435
856,1.3233421308419735
857,1.3244128388479008
858,1.3254947548718312
859,1.3265878598055192
860,1.3276921299327782
861,1.3288075454450738
862,1.329934084118951
863,1.3310717269747288
864,1.332220453014509
865,1.333380241066134
866,1.3345510726042609
867,1.3357329247111513
868,1.3369257700946895
869,1.338129578388305
870,1.3393443226450403
871,1.3405699698682305
872,1.341806482310172
873,1.3430538190220793
874,1.3443119384964757
875,1.345580800817524
876,1.346860365964982
877,1.3481505947199555
878,1.3494514451733448
879,1.3507628756124845
880,1.3520848433343093
881,1.353417304703929
882,1.3547602172569602
883,1.356113529433311
884,1.3574771876360125
885,1.3588511375237873
886,1.3602353263443114
887,1.3616297010923302
888,1.3630342029105684
889,1.364448770503858
890,1.3658733423135199
891,1.3673078559151426
892,1.3687522490634862
893,1.3702064568707526
894,1.3716704181529484
895,1.3731440568766335
896,1.3746272956556849
897,1.3761200555430835
898,1.3776222539997667
899,1.379133805733292
900,1.3806546236778163
901,1.3821846173393046
902,1.3837236961483041
903,1.3852717702243158
904,1.3868287503259686
905,1.3883945479331081
906,1.3899690746861941
907,1.3915522403693357
908,1.3931439559751777
909,1.3947441290626124
910,1.396352665706193
911,1.3979694731643
912,1.399594459750225
913,1.4012275302674049
914,1.4028685903736724
915,1.4045175380882702
916,1.4061742710925953
917,1.4078386897180115
918,1.409510692728696
919,1.411190173465199
920,1.4128770276516822
921,1.4145711489591277
922,1.416272431692842
923,1.417980770481738
924,1.4196960604758966
925,1.4214182001038682
926,1.423147086011583
927,1.4248826165006783
928,1.426624690570237
929,1.4283732097127273
930,1.4301280777988
931,1.4318892016908358
932,1.4336564888131076
933,1.4354298477596126
934,1.4372091869319048
935,1.4389944143714442
936,1.4407854397047877
937,1.4425821699135102
938,1.529867263831696
939,1.529999655962048
940,1.53019835251822
941,1.5304635318553435
942,1.530795487395796
943,1.5311946558974778
944,1.531661645518836
945,1.5321972400029633
946,1.5328022918021584
947,1.533477657116592
948,1.5342242768827836
949,1.5350431690734356
950,1.5359354297083345
951,1.5369022200176894
952,1.5379447715294816
953,1.5390643772120203
954,1.5402623926680654
955,1.5415402214608114
956,1.542827528902078
957,1.5441241834594666
958,1.5454300551666098
959,1.5467450157069405
960,1.5480689377260188
961,1.549401699453209
962,1.5507431779428633
963,1.5520932554768483
964,1.5534518185868527
965,1.5548187534499316
966,1.5561939446941113
967,1.5575772770475895
968,1.5589686364189332
969,1.560367915716318
970,1.5617750080161446
971,1.5631898154091173
972,1.5646122409860814
973,1.5660421984544572
974,1.5674796005710063
975,1.568924366431143
976,1.5703764170530752
977,1.5718356782183251
978,1.5733020768479717
979,1.5747755432745896
980,1.5762560076509233
981,1.577743394986198
982,1.5792376304987024
983,1.580738634327408
984,1.58224632498515
985,1.5837606193638492
986,1.5852814381065314
987,1.5868086952085492
988,1.5883423033184871
989,1.5898821604508622
990,1.5914281678326117
991,1.5929802195530052
992,1.594538208989302
993,1.5961020268276058
994,1.5976715669533776
995,1.5992467204317173
996,1.6008273775446442
997,1.6024134371372005
998,1.6040047988470316
999,1.6056013642020277
1000,1.607203035692798
1001,1.6088097246069768
1002,1.6104213430617857
1003,1.6120378107607403
1004,1.613659048258013
1005,1.6152849832062464
1006,1.6169155462014213
1007,1.6185506725585197
1008,1.6201902957580296
1009,1.6218343476758412
1010,1.6234827617067524
1011,1.6251354708037393
1012,1.626792407921002
1013,1.628453514205441
1014,1.6301187323879012
1015,1.6317880124039752
1016,1.63346130428921
1017,1.635138561587404
1018,1.6368197381204685
1019,1.6385047873935414
1020,1.6401936622900706
1021,1.6418863188904258
1022,1.6435827143740547
1023,1.6452828053168105
1024,1.6469865478109433
1025,1.6486938997197162
1026,1.6504048201738566
1027,1.652119265910167
1028,1.6538371939271521
1029,1.6555585634081456
1030,1.657283333455124
1031,1.6590114611387867
1032,1.6607429047867441
1033,1.662477628626577
1034,1.66421559621193
1035,1.66595677344516
1036,1.667701127349987
1037,1.6694486274646516
1038,1.6711992417587669
1039,1.6729529409254766
1040,1.6747096971227478
1041,1.6764694854622526
1042,1.6782322806023948
1043,1.6799980602005586
1044,1.681766802328942
1045,1.6835384885248772
1046,1.6853131014386993
1047,1.6870906211518246
1048,1.6888710268184342
1049,1.6906542971253908
1050,1.6924404109297857
1051,1.6942293449665453
1052,1.696021076090671
1053,1.6978155837269269
1054,1.6996128469605496
1055,1.7014128471584684
1056,1.703215565153399
1057,1.7050209844895519
1058,1.706829089350506
1059,1.7086398680004102
1060,1.710453309714182
1061,1.7122694087610377
1062,1.7140881576387144
1063,1.7159095537654692
1064,1.7177335954909037
1065,1.7195602861816222
1066,1.7213896272065832
1067,1.7232216271683332
1068,1.725056296244952
1069,1.726893652148503
1070,1.7287337099515345
1071,1.7305764939861294
1072,1.732422028722734
1073,1.734270355371199
1074,1.736121513201564
1075,1.7379755432913528
1076,1.7398324836589911
1077,1.7416923793660086
1078,1.7435552746282668
1079,1.745421216859012
1080,1.7472902496304556
1081,1.74916242086199
1082,1.751037775791046
1083,1.7529163593523596
1084,1.7547982137219453
1085,1.7566833781186977
1086,1.7585718885422312
1087,1.760463773816624
1088,1.7623590580319233
1089,1.7642577565858193
1090,1.7661598837411558
1091,1.7680654419053161
1092,1.7699744295088053
1093,1.771886836772796
1094,1.773802652587331
1095,1.7757218605371707
1096,1.7776444405256782
1097,2.088495922878121
1098,2.088448201081445
1099,2.088370843034825
1100,2.088259903708515
1101,2.088111318771464
1102,2.087920866467584
1103,2.087684129856201
1104,2.08739645946109
1105,2.0870529364245187
1106,2.0866483363267117
1107,2.086177093909139
1108,2.0856332690346853
1109,2.085010514332156
1110,2.084302045110277
1111,2.083500612291655
1112,2.082598479314808
1113,2.0815874041879785
1114,2.080462580097147
1115,2.0793151871903515
1116,2.078146058584008
1117,2.0769557452662464
1118,2.0757439254519583
1119,2.0745123361903657
1120,2.0732596279702835
1121,2.0719884260059733
1122,2.0706966772573625
1123,2.069383633008888
1124,2.068050584034311
1125,2.0666945091126228
1126,2.065318531015963
1127,2.0639204464339778
1128,2.062502742898357
1129,2.061062307218665
1130,2.0596027914087283
1131,2.0581221395199636
1132,2.056622733403556
1133,2.0551024764515233
1134,2.053563781604419
1135,2.052004422215563
1136,2.0504268558501377
1137,2.0488276953402
1138,2.0472110289450782
1139,2.045572787374761
1140,2.043917362569573
1141,2.0422410278588643
1142,2.0405479356686413
1143,2.03883415669819
1144,2.0371043862310305
1145,2.035354365625238
1146,2.03358851103267
1147,2.03180328724285
1148,2.030002726461304
1149,2.028183209911702
1150,2.02634914570068
1151,2.0244966759926704
1152,2.022630338933785
1153,2.0207470315444027
1154,2.0188504094791093
1155,2.0169385089400587
1156,2.015013997695842
1157,2.013074973631752
1158,2.0111240068686147
1159,2.009160314214493
1160,2.0071854571061913
1161,2.005200063881704
1162,2.003204183011516
1163,2.0011992910697076
1164,1.9991846715164225
1165,1.9971628782129798
1166,1.9951322185819262
1167,1.993096341906871
1168,1.9910523966482567
1169,1.9890052318512146
1170,1.9869509380501724
1171,1.9848946289698002
1172,1.9828318365259685
1173,1.980769977302054
1174,1.9787023717604268
1175,1.976637633140808
1176,1.974567726508383
1177,1.9725028569136682
1178,1.9704334424833692
1179,1.968369679931746
1180,1.9663019703381392
1181,1.9642383245703867
1182,1.9621711622250282
1183,1.9601068493548275
1184,1.958039620031507
1185,1.955974321368794
1186,1.9539064658107894
1187,1.9518397578987858
1188,1.9497710452987702
1189,1.947703384512561
1190,1.9456341663177799
1191,1.9435654420063133
1192,1.9414955435829586
1193,1.9394259419911504
1194,1.9373556856620824
1195,1.9352852606770035
1196,1.933214704480439
1197,1.9311436901934098
1198,1.9290730938387082
1199,0.8152475275680258
1200,0.8151660353915796
1201,0.8150383200345214
1202,0.8148606691481431
1203,0.8146292786288085
1204,0.8143402168014531
1205,0.8139893894458682
1206,0.813572505715121
1207,0.8130850450519219
1208,0.8125222252766935
1209,0.8118789721026809
1210,0.8111498904312582
1211,0.8103292378977808
1212,0.8094109012786397
1213,0.8083883765380291
1214,0.8072547534934809
1215,0.806002706318501
1216,0.8046602135968625
1217,0.8032939855269184
1218,0.8019107757254379
1219,0.8005056164027556
1220,0.7990835845043799
1221,0.7976406400172501
1222,0.7961810051344277
1223,0.7947031253153913
1224,0.7932088694451237
1225,0.7917022804021785
1226,0.790179693279314
1227,0.7886450893805557
1228,0.7870950502140344
1229,0.7855333037139113
1230,0.7839564937176475
1231,0.7823686231901364
1232,0.7807660280229592
1233,0.7791522944398485
1234,0.7775242951301581
1235,0.7758850315655222
1236,0.7742319625727971
1237,0.7725677152393684
1238,0.77088990579158
1239,0.7692008268851389
1240,0.7674985123220146
1241,0.765784709163611
1242,0.7640583141218265
1243,0.762320483516368
1244,0.7605702417248815
1245,0.7588084709335177
1246,0.7570346620819361
1247,0.755248743584856
1248,0.7534512869325517
1249,0.751641939582198
1250,0.749821416694095
1251,0.7479885088771071
1252,0.7461447657400956
1253,0.744288670293391
1254,0.7424222367145219
1255,0.7405435552971643
1256,0.7386547885383025
1257,0.736754160991231
1258,0.7348437551292454
1259,0.7329220556193262
1260,0.7309911271389465
1261,0.7290491931832557
1262,0.7270984104054468
1263,0.7251377023332967
1264,0.7231686815830088
1265,0.7211904795600347
1266,0.7192043153585523
1267,0.7172131004354114
1268,0.7152145455224526
1269,0.7132115437960722
1270,0.7112017505609781
1271,0.7091882734419503
1272,0.7071683948807105
1273,0.7051453503563645
1274,0.7031165381169522
1275,0.7010845062528431
1276,0.699047181023356
1277,0.697006868476506
1278,0.6949617224927409
1279,0.692913560540716
1280,0.6908611023935008
1281,0.6888063182097297
1282,0.6867477425504492
1283,0.6846871670012447
1284,0.6826234051147714
1285,0.6805579423191299
1286,0.6784898307090256
1287,0.6764207327636205
1288,0.6743493510766162
1289,0.6722772977118351
1290,0.670203484281555
1291,0.6681293163224375
1292,0.6660540921940035
1293,0.6639785154566439
1294,0.6619022546893039
1295,0.6598257850526877
1296,0.6577491161426803
1297,0.6556724342648834
1298,0.6535961061160297
1299,0.6515200695416924
1300,0.6494449662292618
1301,0.6473706762008863
1302,0.6452979213407807
1303,0.6432266481282258
1304,0.6411575281120723
1305,0.6390907056506242
1306,0.637026656135006
1307,0.6349656265995064
1308,0.6329079939974708
1309,1.1950721307137924
1310,1.1949260769407568
1311,1.1947113666594904
1312,1.194431037332599
1313,1.1940882666223271
1314,1.193686413534499
1315,1.1932290626049395
1316,1.1927200713990258
1317,1.1921636216108054
1318,1.1915642740546857
1319,1.1909270278377277
1320,1.1902573839810242
1321,1.1895614137206618
1322,1.188845831657606
1323,1.1881180738355654
1324,1.1873689234440847
1325,1.1865952040295908
1326,1.1858001306029795
1327,1.1850316876181206
1328,1.1842883965246056
1329,1.1835726734939127
1330,1.1828822895212179
1331,1.1822204888004488
1332,1.1815846477724212
1333,1.1809778825403923
1334,1.1803975391566448
1335,1.1798467626384557
1336,1.1793227633989702
1337,1.1788291474636696
1338,1.178362514666292
1339,1.1779265248843784
1340,1.1775181151283094
1341,1.1771402172190801
1342,1.1767902313485237
1343,1.1764706535994949
1344,1.1761789246789132
1345,1.175916584081502
1346,1.1756824473737877
1347,1.1754775184105197
1348,1.1753010860069515
1349,1.1751535987423012
1350,1.1750344370392394
1351,1.1749436552807158
1352,1.1748815503778016
1353,1.1748456959564622
1354,1.1748383247929377
1355,1.1748571054966739
1356,1.1749045610126394
1357,1.174977029863663
1358,1.1750776203779594
1359,1.1752025420473622
1360,1.1753557136534332
1361,1.1755328722207152
1362,1.1757376492107319
1363,1.1759657634778162
1364,1.1762209098791663
1365,1.1764994419977919
1366,1.1768044858395201
1367,1.1771330367581496
1368,1.1774878453968727
1369,1.1778667881220133
1370,1.178272247826187
1371,1.1787032660885601
1372,1.1791604908635243
1373,1.179644045190183
1374,1.180153760803391
1375,1.1806894103726364
1376,1.1812510136952796
1377,1.1815975513338932
1378,1.1815791747835622
1379,1.1815867180724464
1380,1.1816201707280583
1381,1.181679512368999
1382,1.1817647176454094
1383,1.181875753454522
1384,1.1820125817716678
1385,1.1821751406790704
1386,1.1823633634532567
