Step,Distance
1,2.0884997425411163
2,2.088466580689655
3,2.0884169455163564
4,2.088350950692482
5,2.088268744631881
6,2.0881705702789826
7,2.088056645859768
8,2.0879272767113166
9,2.0877827812613807
10,2.0876235391088187
11,2.0874499673400444
12,2.0872625197537356
13,2.08706167347676
14,2.086847958024872
15,2.0866219558714474
16,2.086384315758422
17,2.0861356262250457
18,2.0858766385304053
19,2.085607995471475
20,2.085330625608647
21,2.0850452605811918
22,2.08475282328158
23,2.0844606479279704
24,2.084175463345444
25,2.083897211351652
26,2.0836258658600815
27,2.0833613911796296
28,2.0831039363500174
29,2.08285343525802
30,2.082609849394
31,2.082373194425656
32,2.082143489004968
33,2.081920790830113
34,2.0817050690929078
35,2.0814963869961676
36,2.081294709308317
37,2.0811000092373186
38,2.080912290635565
39,2.0807315271242417
40,2.0805577488963136
41,2.080390920444326
42,2.080231093639543
43,2.080078248704829
44,2.079932426818012
45,2.079793666303024
46,2.0796620354465842
47,2.079537525887828
48,2.0794201150016676
49,2.0793097118385786
50,2.079206379129543
51,2.0791101267282133
52,2.079020924460691
53,2.078938855527322
54,2.0788638527199628
55,2.078795906136614
56,2.0787348785797035
57,2.0786808708882565
58,2.078633933809815
59,2.0785939946688226
60,2.0785610873737745
61,2.078535340485891
62,2.0785166731964377
63,2.078505196737048
64,2.078500744707524
65,2.0785033612473525
66,2.07851305754294
67,2.078529902472541
68,2.0785537910723475
69,2.0785847646943516
70,2.0786227475879495
71,2.078667936668498
72,2.0787201839458773
73,2.078779601355801
74,2.078846141314401
75,2.078919588771544
76,2.07900006236669
77,2.079087340632293
78,2.0791814957431436
79,2.0792826827241417
80,2.0793144168502145
81,2.0792925794287194
82,2.0792777719751205
83,2.0792699915381756
84,2.07926923876127
85,2.0792755115648394
86,2.0792888037598396
87,2.0793091118277363
88,2.0793364339505027
89,2.0793707687729515
90,2.079412118227527
91,2.0794604819116653
92,2.0795158613046234
93,2.079578261667606
94,2.0796476867417213
95,2.0797241409142457
96,2.0798076260808585
97,2.0798981404611054
98,2.0799956853219768
99,2.080100262983247
100,2.0802118693464458
101,2.0803304989927676
102,2.080456150225554
103,2.0805888210235928
104,2.080728510298381
105,2.0808752201536986
106,2.081028950682156
107,2.0811897028261215
108,2.0813574782024764
109,2.0815322741581115
110,2.0817140859049545
111,2.08190291014432
112,2.082098748285515
113,2.0823016001757284
114,2.0825114637167688
115,2.0827283339243223
116,2.082952206117047
117,2.0831830811856986
118,2.0834209584209984
119,2.083665836508873
120,1.195069293882097
121,1.194912348463955
122,1.1946769349152941
123,1.1943630405148613
124,1.1939706505429932
125,1.1934997489980215
126,1.1929503898916276
127,1.1923225738477317
128,1.1916161899992246
129,1.1908312563742625
130,1.1899677570527523
131,1.189025679439463
132,1.1880050204392056
133,1.1869057266421634
134,1.1857278303619394
135,1.1844712709077208
136,1.1831360768959016
137,1.1817222178324056
138,1.1802296321265708
139,1.1786583475883325
140,1.1770083195371903
141,1.1752795070720463
142,1.1735112408246204
143,1.1717428206561855
144,1.1699741825525376
145,1.168205407955236
146,1.1664365024188483
147,1.1646674511498547
148,1.1628982848918707
149,1.161128947245246
150,1.159359477009594
151,1.1575898647258598
152,1.1558201422941192
153,1.1540502988831898
154,1.152280259170855
155,1.1505100542435174
156,1.1487397046806496
157,1.1469692239209028
158,1.1451985956198243
159,1.143427881394644
160,1.1416570297502813
161,1.1398860348056028
162,1.1381149391336636
163,1.1363437333613315
164,1.1345723771429526
165,1.1328009456296548
166,1.1310293999228205
167,1.1292577508894603
168,1.127486051015971
169,1.1257141884041018
170,1.123942285240393
171,1.1221703160634735
172,1.1203982853402352
173,1.1186262504723583
174,1.1168541555537141
175,1.1150819907704284
176,1.113309679578338
177,1.1115371482833152
178,1.1097646100185763
179,1.10799206609456
180,1.1062194960007046
181,1.104446869890421
182,1.1026741999123333
183,1.1009014414177458
184,1.099128608304085
185,1.0973556689104251
186,1.095582653472392
187,1.0938096172994158
188,1.0920364610395359
189,1.090263338035432
190,1.0884901571458876
191,1.0867170120381588
192,1.0849437752974807
193,1.0831705976659758
194,1.0813971874548036
195,1.0796236122369938
196,1.0778501523956674
197,1.076076807042385
198,1.0743035578144615
199,1.0725301311223094
200,1.0707568730360129
201,1.0689836574671334
202,1.0672106306219615
203,1.0654374826324726
204,1.0636644575994567
205,1.0618914329045999
206,1.06011839458411
207,1.05834546872172
208,1.056572547530606
209,1.0547997845651622
210,1.0530271363228716
211,1.0512546494987307
212,1.0494823010043002
213,1.0477101959017878
214,1.0459381967586108
215,1.0441663076217607
216,1.042394597582994
217,1.0406231535828578
218,1.0388517706770695
219,1.0370804598583823
220,1.0353092066900365
221,1.033538054189627
222,1.0317671248031832
223,1.0299963849057052
224,1.0282257418191818
225,1.0264551145008016
226,1.0246847210982517
227,1.0229145221583698
228,1.021144556727169
229,1.0193747810789082
230,1.0176052008803715
231,1.0158358218290775
232,1.0140666496535216
233,1.0122976901134235
234,1.0105289489999774
235,1.0087604321361017
236,1.0069921453766932
237,1.0052240946088824
238,1.0034562857522924
239,1.0016887247592985
240,0.9999214176152902
241,0.9981543703389376
242,0.9963875889824579
243,0.9946210796318845
244,0.9928548484073407
245,0.9910889014633122
246,1.6912397890174218
247,1.6914387561026674
248,1.6917372443509395
249,1.6921352989502723
250,1.6926329800488402
251,1.693230362882211
252,1.6939275379139074
253,1.69472461054015
254,1.6956217005261038
255,1.69661894176931
256,1.697716482690103
257,1.6989144733294221
258,1.7002130732543472
259,1.701612448785346
260,1.7031127743980368
261,1.7047142298299536
262,1.7064170012364852
263,1.7082212772533913
264,1.7101272517488921
265,1.7121351204712505
266,1.7142450828575504
267,1.7164573431484356
268,1.7187217673748036
269,1.720988052925447
270,1.7232561550723735
271,1.7255260286678096
272,1.7277976284756527
273,1.7300709105414034
274,1.7323458310509785
275,1.7346223455034693
276,1.7369004098146346
277,1.7391799805083308
278,1.7414610146043312
279,1.74374346705005
280,1.746027293862601
281,1.7483124520530005
282,1.7505988983596532
283,1.752886588866517
284,1.7551754796218721
285,1.7574655267428378
286,1.7597566864189091
287,1.7620489138939428
288,1.7643421642434582
289,1.7666363899370883
290,1.768931543720782
291,1.7712275784897136
292,1.773524449597976
293,1.7758221112893462
294,1.778120518484837
295,1.7804196280898534
296,1.7827193950681255
297,1.7850197738975186
298,1.7873207201841579
299,1.7896221899126927
300,1.7919241397564643
301,1.7942265226227945
302,1.796529289249124
303,1.7988323880736878
304,1.8011357691500418
305,1.8034393811316738
306,1.805743173186254
307,1.8080470934159913
308,1.810351090608238
309,1.8126551115651897
310,1.8149591030060055
311,1.8172630104544136
312,1.819566777111502
313,1.8218703457360736
314,1.824173662367017
315,1.8264766747773282
316,1.8287793305880817
317,1.8310815727583687
318,1.8333833417159582
319,1.8356845764799083
320,1.837985220718658
321,1.8402852159665266
322,1.8425845054110526
323,1.8448830272098928
324,1.8471807102741775
325,1.849477479212756
326,1.8517732659101496
327,1.8540679968502705
328,1.8563615943043117
329,1.8586539804077076
330,1.8609450763772262
331,1.8632347892565158
332,1.8655230296579508
333,1.8678097017828807
334,1.8700947102393788
335,1.8723779665440652
336,1.8746593849069662
337,1.8769388687436754
338,1.8792163104797919
339,1.8814915932002623
340,1.883764604767707
341,1.8860352332363972
342,1.8883033608319235
343,1.8905688522999646
344,1.8928315729457985
345,1.8950913740660615
346,1.8973481109958932
347,1.8996016324442293
348,1.901851787875349
349,1.9040984133020753
350,1.9063413271610699
351,1.9085803305388642
352,1.9108152358625399
353,1.9130458676720745
354,1.9152720456769279
355,1.9174935523664927
356,1.9197101576004505
357,1.9219216200861164
358,1.9241277111504582
359,1.9263281684447766
360,1.9285227004135128
361,1.930711005323818
362,1.9328927782780223
363,1.935067667936494
364,1.9372352873503746
365,1.939395230297343
366,1.9415470995120885
367,1.9436904646706483
368,1.9458249587686853
369,1.9479502509275917
370,1.9500659577866155
371,1.952171576241587
372,1.9542665878639052
373,1.9563505811096706
374,1.958423198280525
375,1.9604840215930368
376,1.9625325173179349
377,1.9645680435175021
378,1.9665899316926276
379,1.9685976428398784
380,1.9705906531828403
381,1.972568385821944
382,1.974530217130341
383,1.9764756542867254
384,1.978404302666574
385,1.980315920728971
386,1.9822101513814718
387,1.984086663601108
388,1.9859451120717988
389,1.9877853451864929
390,1.9896072768582325
391,1.9914108911903075
392,1.9931961669242522
393,1.9949632696059338
394,1.9967122821017897
395,1.9984432838793156
396,2.000156503507601
397,2.0018522775523335
398,2.003531042906113
399,2.0051933964980724
400,2.006839919771846
401,2.008471170888128
402,2.010087689942569
403,2.011690023637094
404,1.2911063369640807
405,1.2911733334465225
406,1.2912739756722174
407,1.2914084980848544
408,1.2915772795103806
409,1.291780877051772
410,1.292020060008482
411,1.292295630621175
412,1.2926083791311844
413,1.2929591451371099
414,1.2933488362374066
415,1.2937784090678284
416,1.2942488656183389
417,1.294761238246005
418,1.2953166050794152
419,1.2959160666245035
420,1.2965607466619835
421,1.2972517761152775
422,1.2979903063695284
423,1.2987775017732641
424,1.299614545375853
425,1.3005026192730118
426,1.3014223350768523
427,1.302353283088871
428,1.3032951114420903
429,1.3042474997896139
430,1.3052101302497041
431,1.3061827061540434
432,1.3071649334723603
433,1.3081565296530953
434,1.309157214956884
435,1.3101667295830302
436,1.3111848171274192
437,1.3122112391235707
438,1.31324575179838
439,1.314288128380212
440,1.3153381417354157
441,1.3163955780444443
442,1.3174602275138192
443,1.3185318977716498
444,1.3196103976553684
445,1.3206955427296545
446,1.3217871481431702
447,1.3228850460102797
448,1.3239890702419046
449,1.3250990603706496
450,1.3262148581178592
451,1.3273363179712019
452,1.3284632925293138
453,1.3295956377889107
454,1.330733211701752
455,1.331875875339859
456,1.3330234879271525
457,1.334175915798956
458,1.3353330283195686
459,1.3364947009125603
460,1.337660807344229
461,1.3388312294827363
462,1.3400058477111674
463,1.3411845484430371
464,1.3423672170576038
465,1.3435537435679772
466,1.3447440233995125
467,1.3459379532624138
468,1.347135426427859
469,1.348336339622881
470,1.3495405880247422
471,1.3507480703642083
472,1.3519586898502203
473,1.3531723623692113
474,1.3543890031673427
475,1.355608532368519
476,1.3568308692179933
477,1.358055937714026
478,1.3592836631787093
479,1.360513976607673
480,1.361746809364979
481,1.362982091614083
482,1.364219754045456
483,1.365459729085141
484,1.3667019454295908
485,1.3679463364114153
486,1.369192840967649
487,1.3704414083048788
488,1.3716919852132947
489,1.372944518267673
490,1.3741989554298981
491,1.3754552607627335
492,1.3767134018916547
493,1.3779733494233775
494,1.379235071402025
495,1.3804985375873369
496,1.3817637181350648
497,1.3830305952389188
498,1.3842991516586076
499,1.38556937012984
500,1.386841229080992
501,1.388114715063256
502,1.3893898147823578
503,1.3906665218762688
504,1.3919448333076556
505,1.3932247538237557
506,1.394506289913713
507,1.3957894518494056
508,1.3970742433040564
509,1.3983606752999342
510,1.3996487641932158
511,1.4009385315336127
512,1.4022299975434562
513,1.4035231854418295
514,1.4048181194641205
515,1.4061148292702992
516,1.4074133442287617
517,1.408713698178589
518,1.410015924462844
519,1.4113200535173374
520,1.4126261220467409
521,1.4139341735167945
522,1.4152442480787173
523,1.4165563886168993
524,1.4178706364635987
525,1.4191870281505312
526,1.4205055984818216
527,1.4218263782441434
528,1.4231493969693698
529,1.4244746876667538
530,1.425802284053749
531,1.4271322208510036
532,1.4284645310411128
533,1.4297992475494126
534,1.4311364032551517
535,1.4324760292794778
536,1.4338181577542932
537,1.4351628210411582
538,1.436510053343641
539,1.4378598903300805
540,1.439212366345424
541,1.4405675169048877
542,1.4419253778030512
543,1.443285982161827
544,1.444649360616719
545,1.446015543354633
546,1.4473845619240802
547,1.4487564494571967
548,1.4501312401437645
549,1.4515089674001875
550,1.4528896618677152
551,1.4542733573038542
552,1.4556600869976077
553,1.457049883640589
554,1.4584427801484452
555,1.4598388099011068
556,1.4612380091540729
557,1.4626404137057312
558,1.4640460565759448
559,1.4654549741404894
560,1.4668672027948693
561,1.4682827785176116
562,1.469701737984728
563,1.4711241169492764
564,1.472549954300581
565,1.473979289216322
566,1.4754121577346475
567,1.4768485926596535
568,1.4782886260442794
569,1.4797322938590542
570,1.4811796327025324
571,1.482630676283318
572,1.484085458538182
573,1.4855440127708295
574,1.4870063708841166
575,1.4884725626583946
576,1.4899426197577343
577,1.491416576056979
578,1.4928944640824315
579,1.494376316758651
580,1.4958621653230606
581,1.4973520414718382
582,1.4988459784694992
583,1.50034401214838
584,1.5018461805303873
585,1.5033525179362455
586,1.5048630569870327
587,1.5063778339172886
588,1.5078968855264505
589,1.5094202494792988
590,1.5109479639682049
591,1.5124800665402391
592,1.5140165924179356
593,1.5155575713723357
594,1.5171030310928402
595,1.5186529980418337
596,1.5202075009798883
597,1.5217665690212514
598,1.5233302315366832
599,1.524898517682675
600,1.526471455392648
601,1.528049070938982
602,1.529631384112577
603,1.5312184159828934
604,1.5328101911590224
605,1.534406734909927
606,1.5360080716356537
607,1.5376142260227994
608,1.5392252254410719
609,1.5408410978993308
610,1.5424618692974827
611,1.5440875633336872
612,1.5457182037550423
613,1.547353820827813
614,1.5489944433144014
615,1.5506400983509157
616,1.5522908123156076
617,1.553946608131799
618,1.555607510748218
619,1.5572735459145985
620,1.558944737469976
621,1.5606211078017431
622,1.5623026755584957
623,1.5639894577923372
624,1.5656814765087645
625,1.5673787597927276
626,1.5690813317428083
627,1.570789213303762
628,1.5725024253071653
629,1.5742209861936198
630,1.575944912818019
631,1.5776742273686548
632,1.5794089548651744
633,1.5811491172243848
634,1.5828947337596209
635,1.5846458221602806
636,1.586402399269474
637,1.5881644806260486
638,1.5899320829165517
639,1.5917052276609662
640,1.5934839380501389
641,1.5952682271931047
642,1.5970581039959308
643,1.5988535771441514
644,1.600654659654945
645,1.602461367711127
646,1.604273714421475
647,1.6060917121985472
648,1.6079153715884327
649,1.6097447076238585
650,1.6115797404993895
651,1.6134204858502763
652,1.615266955913938
653,1.617119163469145
654,1.6189771246187319
655,1.6208408511593162
656,1.6227103530623301
657,1.6245856387293947
658,1.6264667149997691
659,1.628353589070289
660,1.6302462669877917
661,1.6321447588439155
662,1.6340490769146179
663,1.6359592290146703
664,1.637875220182858
665,1.6397970534967972
666,1.6417247247997682
667,1.6436582366564059
668,1.6455976011120481
669,1.6475428193466193
670,1.6494938914773114
671,1.6514508187919836
672,1.6534135936814964
673,1.6553822112661805
674,1.6573566726282871
675,1.6593369736538166
676,1.6613231040145484
677,1.6633150542028239
678,1.6653128130251482
679,1.6673163638992619
680,1.6693256906893508
681,1.671340770752262
682,1.6733615785996512
683,1.6753880875942648
684,1.6774202643253273
685,1.6794580777292751
686,1.681501506719882
687,1.6835505318865496
688,1.6856051302374486
689,1.6876652732703512
690,1.6897309285197182
691,1.6918020713795954
692,1.6938786921475837
693,1.695960782583111
694,1.698048332948713
695,1.700141340007298
696,1.7022397931413307
697,1.7043436779360204
698,1.7064529886690385
699,1.708567720003349
700,1.7106878645236088
701,1.712813415607713
702,1.7149443540827582
703,1.7170806594165942
704,1.719222313376672
705,1.7213692965335017
706,1.7235215947810298
707,1.7256791963019598
708,1.727842091321046
709,0.8152475275680258
710,0.8151660353915796
711,0.8150383200345214
712,0.8148610371723971
713,0.8146388790357917
714,0.8143721509957532
715,0.8140606201483342
716,0.8137048722422985
717,0.8133039081219061
718,0.8128581542455022
719,0.8123668162215982
720,0.8118303168775921
721,0.8112477504083883
722,0.8106196765761413
723,0.8099450024233845
724,0.8092243601246747
725,0.8084562013445765
726,0.8076416941277598
727,0.8067786717797684
728,0.8058684212782767
729,0.8049086065330913
730,0.8039009723272477
731,0.8028652566872362
732,0.8018271887921354
733,0.8007835493576472
734,0.7997374307013705
735,0.7986855413208296
736,0.7976309504171913
737,0.7965701581824501
738,0.7955064498010579
739,0.7944359773106197
740,0.7933624494117363
741,0.7922816472246679
742,0.7911977486951804
743,0.7901060661004327
744,0.7890109086810417
745,0.7879073432192802
746,0.7868001101567182
747,0.785683677618653
748,0.7845633655111274
749,0.7834332242669377
750,0.7822987466030087
751,0.7811538609337962
752,0.7800043955820071
753,0.7788437182071065
754,0.7776781855336409
755,0.7765006363016189
756,0.7753178534395122
757,0.7741226256316915
758,0.7729218442116425
759,0.7717077341562417
760,0.7704874167132175
761,0.7692528584253044
762,0.7680122230931838
763,0.7667568224341118
764,0.765494691796637
765,0.7642168571091037
766,0.7629318725638886
767,0.7616301036232046
768,0.7603208723217049
769,0.7589936724146629
770,0.7576583713703197
771,0.7563038818982141
772,0.7549405649879699
773,0.753556393266012
774,0.7521630571141664
775,0.7507478659170285
776,0.7493227169236343
777,0.747874669377178
778,0.7464161880891101
779,0.7449337586301789
780,0.7434410522338358
781,0.7419236169395285
782,0.7403948899291726
783,0.7388418430210034
784,0.7372770326477777
785,0.7356905221224851
786,0.7340918105378605
787,0.7324737526922309
788,0.7308433246500952
789,0.7291953883240909
790,0.727534643463419
791,0.7258588624050404
792,0.7241702525132651
793,0.7224681527441191
794,0.7207534282013193
795,0.7190276454974144
796,0.7172892994614049
797,0.715540870102787
798,0.7137798392012346
799,0.7120102391922059
800,0.7102284815653952
801,0.7084401098836142
802,0.7066396577268218
803,0.7048341004995121
804,0.703017073181583
805,0.701196688519624
806,0.699365124926152
807,0.697530902144316
808,0.6956861548652833
809,0.6938377153079851
810,0.691979334668084
811,0.6901121392270398
812,0.6882343081459308
813,0.6863432500446262
814,0.6844420484244428
815,0.6825244689947798
816,0.6805970311141653
817,0.6786522810149688
818,0.6766967634624204
819,0.6747244293512367
820,0.6727419482525715
821,0.6707433314712824
822,0.6687346598757709
823,0.6667102341266065
824,0.664674878474597
825,0.6626235544309284
826,0.6605622504532577
827,0.6584859818550731
828,0.6563989152486651
829,0.6542976160833217
830,0.652184538028488
831,0.6500575615456945
832,0.6479220983152778
833,0.6457734300778808
834,0.6436155084155633
835,0.6414447338343829
836,0.6392627221813111
837,0.6370686495741
838,0.6348665338768632
839,0.6326524526452224
840,0.6304291457593543
841,0.6281932866714458
842,0.6259477382382943
843,0.6236910602240008
844,0.6214250050627237
845,0.619149449130281
846,0.6168652817109244
847,0.6145724300676524
848,0.6122709437262474
849,0.6099638595678168
850,0.6076471196036368
851,0.6053247506034091
852,0.6029954005104617
853,0.6006637525312634
854,0.5983237105174402
855,0.5959825602475369
856,0.593633514909596
857,0.5912849427386879
