Step,Critic 1 Loss,Critic 2 Loss
1,0.5588423013687134,0.2860144376754761
2,0.3737565875053406,0.1504928171634674
3,0.23338216543197632,0.09103085100650787
4,0.16446158289909363,0.09798590838909149
5,0.11914080381393433,0.12029813975095749
6,0.08067655563354492,0.11660689860582352
7,0.12338626384735107,0.16929492354393005
8,0.13109441101551056,0.14904886484146118
9,0.12152668088674545,0.10506265610456467
10,0.17857463657855988,0.13104718923568726
11,0.2899826169013977,0.19965632259845734
12,0.19963255524635315,0.13212686777114868
13,0.17583274841308594,0.11925601214170456
14,0.2002587467432022,0.14383696019649506
15,0.19563810527324677,0.1834716647863388
16,0.2013416290283203,0.19008132815361023
17,0.19134944677352905,0.1826663315296173
18,0.10708992183208466,0.1371358335018158
19,0.1764393448829651,0.18474344909191132
20,0.2078714668750763,0.20826777815818787
21,0.2357485294342041,0.23051530122756958
22,0.16320104897022247,0.1530957818031311
23,0.23969170451164246,0.23169076442718506
24,0.21202827990055084,0.19682875275611877
25,0.21506455540657043,0.1973368227481842
26,0.21271444857120514,0.19982202351093292
27,0.24336281418800354,0.23414060473442078
28,0.2994562089443207,0.32075047492980957
29,0.28145983815193176,0.2858527600765228
30,0.2522258758544922,0.25106337666511536
31,0.2046816647052765,0.19840800762176514
32,0.21483254432678223,0.20997491478919983
33,0.2983740568161011,0.29922232031822205
34,0.2774243652820587,0.27855384349823
35,0.3024200201034546,0.2998667061328888
36,0.2527049779891968,0.26093703508377075
37,0.23360998928546906,0.23654507100582123
38,0.30270469188690186,0.29740241169929504
39,0.41510891914367676,0.3984401226043701
40,0.28607532382011414,0.29073143005371094
41,0.3317202925682068,0.33677583932876587
42,0.27396345138549805,0.2761700451374054
43,0.3470167815685272,0.34453654289245605
44,0.3593077063560486,0.3566450774669647
45,0.39552438259124756,0.3928699493408203
46,0.3843631148338318,0.38295120000839233
47,0.28504908084869385,0.2830340564250946
48,0.3496966063976288,0.34748759865760803
49,0.33752819895744324,0.3339143395423889
50,0.35578224062919617,0.3521106541156769
51,0.40767210721969604,0.40926069021224976
52,0.3821793794631958,0.38550370931625366
53,0.3361738622188568,0.33309274911880493
54,0.4707125425338745,0.4718603789806366
55,0.36900484561920166,0.364383727312088
56,0.3820717930793762,0.3779127895832062
57,0.30407220125198364,0.3060140013694763
58,0.3318462669849396,0.3321708142757416
59,0.38286030292510986,0.3769778609275818
60,0.33777081966400146,0.33819857239723206
61,0.3418158292770386,0.3418084383010864
62,0.3573383092880249,0.3552468717098236
63,0.3393239378929138,0.33849114179611206
64,0.3211018741130829,0.32002028822898865
65,0.3684649169445038,0.36671316623687744
66,0.3181747794151306,0.3161572813987732
67,0.2967747151851654,0.2943565845489502
68,0.3292754292488098,0.3264518082141876
69,0.35380128026008606,0.35142821073532104
70,0.3372701108455658,0.335916668176651
71,0.3370828628540039,0.33710089325904846
72,0.28972575068473816,0.2872712314128876
73,0.33491143584251404,0.3344091475009918
74,0.36838534474372864,0.3651908040046692
75,0.2885734438896179,0.28904983401298523
76,0.3444417119026184,0.34193769097328186
77,0.39507830142974854,0.3919472098350525
78,0.32099825143814087,0.3185203969478607
79,0.3162996470928192,0.3142912983894348
80,0.34233197569847107,0.3401047885417938
81,0.3565595746040344,0.3521397113800049
82,0.37771546840667725,0.3742048442363739
83,0.33111321926116943,0.32877179980278015
84,0.31065696477890015,0.30801793932914734
85,0.3532946705818176,0.3493883013725281
86,0.3063867688179016,0.3026939630508423
87,0.3350152373313904,0.33019158244132996
88,0.336040198802948,0.3359084725379944
89,0.31616896390914917,0.3140420615673065
90,0.3646986186504364,0.3657071888446808
91,0.34637778997421265,0.34679511189460754
92,0.31833213567733765,0.31578195095062256
93,0.3262202739715576,0.32205885648727417
94,0.35015764832496643,0.34793615341186523
95,0.2809660732746124,0.28151270747184753
96,0.33562445640563965,0.33479124307632446
97,0.3179178535938263,0.3189219832420349
98,0.32162922620773315,0.3213803768157959
99,0.2754785418510437,0.2742341160774231
100,0.32769933342933655,0.3252522945404053
101,0.28806477785110474,0.2847385108470917
102,0.3120409846305847,0.3097689747810364
103,0.2809625267982483,0.278004914522171
104,0.3888971507549286,0.3887849748134613
105,0.29527950286865234,0.29099470376968384
106,0.30635905265808105,0.3010426461696625
107,0.35527503490448,0.3503204584121704
108,0.3282388746738434,0.322632759809494
109,0.32843831181526184,0.3223256468772888
110,0.3226014971733093,0.3195989727973938
111,0.3527628183364868,0.3458288013935089
112,0.3547440767288208,0.346884548664093
113,0.33361518383026123,0.3261135518550873
114,0.3048486113548279,0.2999306619167328
115,0.3409767150878906,0.33724191784858704
116,0.31540656089782715,0.3110126852989197
117,0.33884990215301514,0.3321850299835205
118,0.34860116243362427,0.3431609869003296
119,0.3348246216773987,0.3312378525733948
120,0.40167513489723206,0.3958754539489746
121,0.30708619952201843,0.29944294691085815
122,0.32320407032966614,0.3171728849411011
123,0.41672420501708984,0.4054792523384094
124,0.336973637342453,0.33023327589035034
125,0.3582426905632019,0.3495202958583832
126,0.34711143374443054,0.33887550234794617
127,0.35965225100517273,0.3528044819831848
128,0.3427030146121979,0.333609938621521
129,0.3532455861568451,0.34358206391334534
130,0.4072178602218628,0.39577367901802063
131,0.3939133286476135,0.3859003186225891
132,0.3996948003768921,0.38660356402397156
133,0.3490634858608246,0.33664217591285706
134,0.34213483333587646,0.3329611122608185
135,0.36993253231048584,0.36191797256469727
136,0.4273664951324463,0.41726064682006836
137,0.4089990258216858,0.40542155504226685
138,0.37078094482421875,0.3628624677658081
139,0.46097710728645325,0.45114457607269287
140,0.34782305359840393,0.34509849548339844
141,0.3731982409954071,0.36430662870407104
142,0.40581899881362915,0.3970443904399872
143,0.39991992712020874,0.3896334171295166
144,0.39368319511413574,0.38016194105148315
145,0.49705779552459717,0.48047947883605957
146,0.35338127613067627,0.34498900175094604
147,0.44668951630592346,0.4263913929462433
148,0.44141319394111633,0.4257253408432007
149,0.40130501985549927,0.3911735713481903
150,0.4234553873538971,0.4158382713794708
151,0.43505173921585083,0.41758885979652405
152,0.41986194252967834,0.4051375985145569
153,0.4684723913669586,0.43955492973327637
154,0.3816606104373932,0.3733316659927368
155,0.3539222478866577,0.3451072573661804
156,0.42842769622802734,0.41150763630867004
157,0.339688777923584,0.3352386951446533
158,0.3593294620513916,0.3547453284263611
159,0.4168631136417389,0.3986434042453766
160,0.3944386839866638,0.3754886984825134
161,0.41774582862854004,0.4018670916557312
162,0.36037304997444153,0.35397112369537354
163,0.4018138349056244,0.3886321783065796
164,0.3364475965499878,0.3366488516330719
165,0.45737314224243164,0.4486432671546936
166,0.3715556859970093,0.36773791909217834
167,0.3397335410118103,0.33269616961479187
168,0.357442706823349,0.3519282639026642
169,0.3634848892688751,0.35119467973709106
170,0.40511879324913025,0.3930560350418091
171,0.33017849922180176,0.3290923833847046
172,0.35297486186027527,0.34968188405036926
173,0.29822465777397156,0.2995891869068146
174,0.34923964738845825,0.3450445830821991
175,0.3577699661254883,0.3446196913719177
176,0.315133273601532,0.3170037865638733
177,0.301809698343277,0.3004732131958008
178,0.3402673006057739,0.33751484751701355
179,0.3539968729019165,0.3442900478839874
180,0.3353137969970703,0.3334404528141022
181,0.250397652387619,0.24902452528476715
182,0.3489125370979309,0.3454994559288025
183,0.2837647497653961,0.28294065594673157
184,0.33690565824508667,0.3356555104255676
185,0.3481162190437317,0.35080263018608093
186,0.3097637891769409,0.30799269676208496
187,0.25692683458328247,0.2597979009151459
188,0.24708163738250732,0.24909169971942902
189,0.28275686502456665,0.2884255349636078
190,0.2824898064136505,0.28479403257369995
191,0.276925653219223,0.28138455748558044
192,0.294363796710968,0.298725426197052
193,0.2806992530822754,0.2868245840072632
194,0.2650570273399353,0.2788209021091461
195,0.2880200445652008,0.2913743555545807
196,0.24036657810211182,0.2541022300720215
197,0.23106622695922852,0.23609469830989838
198,0.23483794927597046,0.2344200611114502
199,0.22769291698932648,0.2393578141927719
200,0.2687358856201172,0.2730615437030792
201,0.20552511513233185,0.2311927229166031
202,0.2636079788208008,0.2830375134944916
203,0.20709466934204102,0.21346941590309143
204,0.20838187634944916,0.23071518540382385
205,0.22076891362667084,0.2343704253435135
206,0.2310301661491394,0.2549380660057068
207,0.21915455162525177,0.2483873814344406
208,0.2248905450105667,0.2459040880203247
209,0.21147799491882324,0.23445867002010345
210,0.225494846701622,0.26402920484542847
211,0.1972833126783371,0.2371564507484436
212,0.23954902589321136,0.24552872776985168
213,0.22380384802818298,0.2458789348602295
214,0.17108213901519775,0.20763196051120758
215,0.17567771673202515,0.21846236288547516
216,0.20489582419395447,0.25152385234832764
217,0.20376268029212952,0.2391263246536255
218,0.22820885479450226,0.2532607316970825
219,0.19332942366600037,0.23287586867809296
220,0.1943681240081787,0.23847045004367828
221,0.18246689438819885,0.23758122324943542
222,0.1622290313243866,0.22066184878349304
223,0.16835500299930573,0.22610992193222046
224,0.1762578934431076,0.2244202345609665
225,0.18077683448791504,0.20777884125709534
226,0.16414068639278412,0.2192642092704773
227,0.14730066061019897,0.17318296432495117
228,0.1414807289838791,0.19048276543617249
229,0.13985273241996765,0.1782180368900299
230,0.13496358692646027,0.20697462558746338
231,0.1520533412694931,0.18809643387794495
232,0.13848187029361725,0.21645909547805786
233,0.1435808539390564,0.19934500753879547
234,0.09072907269001007,0.14424222707748413
235,0.12240726500749588,0.16629615426063538
236,0.16045711934566498,0.248625248670578
237,0.12143516540527344,0.18035516142845154
238,0.12138200551271439,0.19288493692874908
239,0.13942435383796692,0.17957034707069397
240,0.15127676725387573,0.16963353753089905
241,0.13029952347278595,0.1680029183626175
242,0.10742966085672379,0.14118839800357819
243,0.09755710512399673,0.17101895809173584
244,0.127188041806221,0.17172545194625854
245,0.09370294213294983,0.1605406403541565
246,0.13368524610996246,0.17379026114940643
247,0.11728274077177048,0.17761194705963135
248,0.09242312610149384,0.1631530523300171
249,0.10639593005180359,0.143903911113739
250,0.11434358358383179,0.17448540031909943
251,0.10478056222200394,0.1627565324306488
252,0.08465959876775742,0.15136714279651642
253,0.12733730673789978,0.1826019436120987
254,0.09612622112035751,0.1507275253534317
255,0.12231776118278503,0.17632675170898438
256,0.12561726570129395,0.16156649589538574
257,0.1176653578877449,0.19396395981311798
258,0.058834418654441833,0.13311827182769775
259,0.07775179296731949,0.14426051080226898
260,0.12009719014167786,0.15923483669757843
261,0.08565013110637665,0.1366686224937439
262,0.09227059036493301,0.128760427236557
263,0.09694694727659225,0.13265065848827362
264,0.06610655039548874,0.12419752776622772
265,0.09277027100324631,0.12899765372276306
266,0.09241417050361633,0.14458729326725006
267,0.11481816321611404,0.12873905897140503
268,0.07759115844964981,0.12908081710338593
269,0.09564831852912903,0.12573103606700897
270,0.09177369624376297,0.12010824680328369
271,0.10584062337875366,0.12546592950820923
272,0.0919564738869667,0.1186705157160759
273,0.08671432733535767,0.12404356151819229
274,0.08358219265937805,0.10919233411550522
275,0.07300906628370285,0.12447760254144669
276,0.06880828738212585,0.10465534031391144
277,0.08159560710191727,0.12449835240840912
278,0.11267395317554474,0.13263864815235138
279,0.07170088589191437,0.11560266464948654
280,0.11239824444055557,0.11850334703922272
281,0.07453369349241257,0.11109387874603271
282,0.06880786269903183,0.09486725926399231
283,0.07872994244098663,0.12112657725811005
284,0.08391188830137253,0.11378689110279083
285,0.07104048132896423,0.11130131036043167
286,0.07052268087863922,0.09463100880384445
287,0.0850367620587349,0.1012614518404007
288,0.07891511917114258,0.08716032654047012
289,0.049080993980169296,0.07472507655620575
290,0.094805046916008,0.11431406438350677
291,0.05486468970775604,0.09978479146957397
292,0.08992302417755127,0.10914361476898193
293,0.060541726648807526,0.09221280366182327
294,0.0837400034070015,0.0884847417473793
295,0.06596484780311584,0.09867909550666809
296,0.062112562358379364,0.08831391483545303
297,0.0598267987370491,0.07751438766717911
298,0.07118446379899979,0.07211637496948242
299,0.06820447742938995,0.07908260077238083
300,0.05773621052503586,0.07369332015514374
301,0.07656589150428772,0.09458304941654205
302,0.07399094849824905,0.0956292524933815
303,0.07302552461624146,0.09651213884353638
304,0.08838570863008499,0.09803533554077148
305,0.07867197692394257,0.09497889131307602
306,0.0712423026561737,0.07839363813400269
307,0.08314260095357895,0.08716672658920288
308,0.09294065833091736,0.10252013802528381
309,0.04596443474292755,0.06632436066865921
310,0.06214089319109917,0.09357184916734695
311,0.06066860258579254,0.08750040084123611
312,0.05459639057517052,0.08052556961774826
313,0.07371552288532257,0.08531127870082855
314,0.05485614016652107,0.06816647946834564
315,0.07151294499635696,0.08373424410820007
316,0.06641897559165955,0.07732786983251572
317,0.06556425243616104,0.06325060874223709
318,0.06853597611188889,0.08486781269311905
319,0.06345143914222717,0.08957339078187943
320,0.06625977903604507,0.06875508278608322
321,0.06421150267124176,0.07215870916843414
322,0.07266055792570114,0.092007577419281
323,0.05300088971853256,0.07452397048473358
324,0.08683300763368607,0.10136260092258453
325,0.05169477313756943,0.0749412328004837
326,0.04603937640786171,0.06541196256875992
327,0.07862986624240875,0.08079720288515091
328,0.05729645863175392,0.07444532215595245
329,0.07529441267251968,0.08448508381843567
330,0.0789283886551857,0.08116166293621063
331,0.06142320856451988,0.07539363950490952
332,0.06125117838382721,0.08719421923160553
333,0.05976928025484085,0.07343924045562744
334,0.07263768464326859,0.0847277045249939
335,0.06730927526950836,0.08962048590183258
336,0.08040405064821243,0.09392837435007095
337,0.08356671035289764,0.0779804214835167
338,0.08541189134120941,0.08790987730026245
339,0.08274242281913757,0.08442087471485138
340,0.06738275289535522,0.06983807682991028
341,0.06464528292417526,0.08922944962978363
342,0.08932504057884216,0.09728307276964188
343,0.08070766925811768,0.09839153289794922
344,0.07265220582485199,0.07545801997184753
345,0.08903727680444717,0.09859301149845123
346,0.06769967824220657,0.08884839713573456
347,0.07136742025613785,0.07592760026454926
348,0.07895971834659576,0.09310142695903778
349,0.09590013325214386,0.1108783707022667
350,0.07024702429771423,0.09828641265630722
351,0.0847100168466568,0.11290323734283447
352,0.08154628425836563,0.10281340777873993
353,0.08337163925170898,0.08908087015151978
354,0.08873606473207474,0.11005610227584839
355,0.11033297330141068,0.14006993174552917
356,0.0861937627196312,0.10248012095689774
357,0.12712830305099487,0.12669959664344788
358,0.10007623583078384,0.13038507103919983
359,0.0991406962275505,0.1185443103313446
360,0.10448157042264938,0.1207948625087738
361,0.08374150097370148,0.10576178133487701
362,0.09513082355260849,0.11561878025531769
363,0.0818774476647377,0.10334757715463638
364,0.09304837137460709,0.1225636899471283
365,0.1053459420800209,0.16361315548419952
366,0.08884624391794205,0.1305016726255417
367,0.11475726217031479,0.14357009530067444
368,0.07230176031589508,0.10225273668766022
369,0.07897401601076126,0.11253754049539566
370,0.07476890087127686,0.09632115066051483
371,0.07533003389835358,0.10266748070716858
372,0.10548391938209534,0.15013916790485382
373,0.0919133648276329,0.10671748220920563
374,0.09530522674322128,0.12681375443935394
375,0.1372440904378891,0.17595618963241577
376,0.13441202044487,0.15851806104183197
377,0.108602374792099,0.14567868411540985
378,0.09606300294399261,0.11920857429504395
379,0.10059472918510437,0.14921614527702332
380,0.10261300951242447,0.1490713655948639
381,0.09385088086128235,0.13469275832176208
382,0.11739316582679749,0.1645636260509491
383,0.10697093605995178,0.13219530880451202
384,0.10620130598545074,0.15425331890583038
385,0.08686497807502747,0.11815918982028961
386,0.1052289605140686,0.14269810914993286
387,0.08389835804700851,0.10859392583370209
388,0.06995167583227158,0.09009584039449692
389,0.06495126336812973,0.08122837543487549
390,0.10829328000545502,0.13972890377044678
391,0.07859397679567337,0.1074773445725441
392,0.07092434912919998,0.11181438714265823
393,0.07795518636703491,0.10553531348705292
394,0.11454281955957413,0.13067442178726196
395,0.07026605308055878,0.0996255949139595
396,0.07832586765289307,0.1049436703324318
397,0.09670252352952957,0.13934558629989624
398,0.0939369946718216,0.12668360769748688
399,0.06663583219051361,0.10118518769741058
400,0.09381629526615143,0.12384286522865295
401,0.07598556578159332,0.11748746037483215
402,0.08774144947528839,0.1243600845336914
403,0.0860108733177185,0.11806748062372208
404,0.05676846206188202,0.0817575752735138
405,0.07974079251289368,0.12768594920635223
406,0.08176741003990173,0.11560926586389542
407,0.08672711253166199,0.13946202397346497
408,0.08083830028772354,0.11218240857124329
409,0.08311451971530914,0.10980939120054245
410,0.09882332384586334,0.14931297302246094
411,0.0621090903878212,0.08094232529401779
412,0.07464735209941864,0.12152099609375
413,0.06711940467357635,0.10461443662643433
414,0.1006346344947815,0.12920576333999634
415,0.07025186717510223,0.10251236706972122
416,0.09111623466014862,0.13822990655899048
417,0.0694841518998146,0.11276175081729889
418,0.06694234907627106,0.08059114217758179
419,0.09054639935493469,0.14097782969474792
420,0.08356571942567825,0.13685044646263123
421,0.07085217535495758,0.10846157371997833
422,0.06589794903993607,0.0867183655500412
423,0.07568854838609695,0.11805887520313263
424,0.09178996831178665,0.13175147771835327
425,0.07875864207744598,0.1315678060054779
426,0.09251414984464645,0.13192309439182281
427,0.08755335211753845,0.1321418583393097
428,0.09821497648954391,0.15909376740455627
429,0.10254503041505814,0.14505966007709503
430,0.10091494768857956,0.1475413590669632
431,0.09831210970878601,0.15545232594013214
432,0.07059787213802338,0.1004592776298523
433,0.0755709558725357,0.12624947726726532
434,0.1137443482875824,0.15557847917079926
435,0.07012269645929337,0.10972138494253159
436,0.08656995743513107,0.11118675768375397
437,0.07191964983940125,0.1135898157954216
438,0.0876324400305748,0.13568229973316193
439,0.0904989093542099,0.13966090977191925
440,0.09691718965768814,0.13922788202762604
441,0.06879428774118423,0.10333694517612457
442,0.08219074457883835,0.1279142051935196
443,0.07430428266525269,0.11704470217227936
444,0.07121843099594116,0.11308850347995758
445,0.07201821357011795,0.11878611147403717
446,0.07346931099891663,0.12181683629751205
447,0.07148458808660507,0.10766933113336563
448,0.058532681316137314,0.10068434476852417
449,0.06772378832101822,0.10573142766952515
450,0.07507844269275665,0.1339692771434784
451,0.06836769729852676,0.10909672826528549
452,0.07188381254673004,0.12997229397296906
453,0.06923709064722061,0.11970469355583191
