Step,Critic 1 Loss,Critic 2 Loss
1,0.5768334865570068,0.625861406326294
2,0.5659672617912292,0.5945899486541748
3,0.5094993710517883,0.524627149105072
4,0.5133001804351807,0.5302043557167053
5,0.4634525179862976,0.4840813875198364
6,0.48126351833343506,0.49446597695350647
7,0.4739084243774414,0.4740808606147766
8,0.48171266913414,0.47401192784309387
9,0.488181471824646,0.48862650990486145
10,0.4705885648727417,0.4735490679740906
11,0.47773852944374084,0.4800757169723511
12,0.5080879330635071,0.5151782631874084
13,0.46234023571014404,0.46528398990631104
14,0.4485088288784027,0.4643875062465668
15,0.4509675204753876,0.4580652713775635
16,0.46839672327041626,0.48633813858032227
17,0.5203949213027954,0.5318895578384399
18,0.476609468460083,0.4874630272388458
19,0.4604402184486389,0.4638659656047821
20,0.480686753988266,0.48824745416641235
21,0.4594615399837494,0.4653399884700775
22,0.4723573327064514,0.48190397024154663
23,0.47987091541290283,0.48876819014549255
24,0.4934884011745453,0.5028786063194275
25,0.46225303411483765,0.47540390491485596
26,0.4106782078742981,0.42537930607795715
27,0.4333144426345825,0.45048174262046814
28,0.4268922805786133,0.44266772270202637
29,0.4733456075191498,0.4865506887435913
30,0.5314449667930603,0.5458264350891113
31,0.522463321685791,0.5465900301933289
32,0.45075327157974243,0.4744681119918823
33,0.4787353575229645,0.5080112814903259
34,0.5001338720321655,0.5324848294258118
35,0.4935740530490875,0.5190842747688293
36,0.48024970293045044,0.4940362572669983
37,0.46245479583740234,0.49813175201416016
38,0.5026006698608398,0.538584291934967
39,0.49793586134910583,0.5429325103759766
40,0.4814490079879761,0.5110270380973816
41,0.47407078742980957,0.5168653726577759
42,0.47194644808769226,0.5086560845375061
43,0.4587648808956146,0.5051715970039368
44,0.4516477584838867,0.497894287109375
45,0.4439844489097595,0.4978005290031433
46,0.4938087463378906,0.5638812780380249
47,0.49939537048339844,0.5611486434936523
48,0.4695039987564087,0.5231438279151917
49,0.46588483452796936,0.5365927219390869
50,0.43599411845207214,0.501537024974823
51,0.41770368814468384,0.48512133955955505
52,0.44456973671913147,0.5221399068832397
53,0.469753623008728,0.5489924550056458
54,0.4408802092075348,0.5174827575683594
55,0.4372067451477051,0.5168554782867432
56,0.40734779834747314,0.5024616122245789
57,0.4455817639827728,0.5427020788192749
58,0.4277884066104889,0.5127214789390564
59,0.40948158502578735,0.5155749917030334
60,0.4335501492023468,0.5367514491081238
61,0.3899453282356262,0.49584174156188965
62,0.42908352613449097,0.5450511574745178
63,0.40824583172798157,0.527768611907959
64,0.3358483910560608,0.45846083760261536
65,0.36846452951431274,0.4832060933113098
66,0.3320513963699341,0.461569607257843
67,0.37516799569129944,0.5164203643798828
68,0.33929991722106934,0.46922755241394043
69,0.3510143458843231,0.47876232862472534
70,0.3045547604560852,0.43986794352531433
71,0.28107455372810364,0.4014110863208771
72,0.29319310188293457,0.44275251030921936
73,0.24153897166252136,0.36742153763771057
74,0.2775939702987671,0.410732626914978
75,0.22072219848632812,0.35813823342323303
76,0.2639239430427551,0.37367647886276245
77,0.2364860475063324,0.3592161536216736
78,0.25537341833114624,0.3758290112018585
79,0.2239229381084442,0.3410673141479492
80,0.24084612727165222,0.39205360412597656
81,0.22210103273391724,0.3313404321670532
82,0.21799615025520325,0.30592188239097595
83,0.2118944525718689,0.3083589971065521
84,0.21661290526390076,0.29369238018989563
85,0.1845158338546753,0.2694328725337982
86,0.17347311973571777,0.2472049742937088
87,0.1931464821100235,0.24722076952457428
88,0.2192499041557312,0.2817670404911041
89,0.19074542820453644,0.25439733266830444
90,0.22201597690582275,0.29440557956695557
91,0.17587599158287048,0.21691179275512695
92,0.19592943787574768,0.22047515213489532
93,0.1782073676586151,0.23282809555530548
94,0.16867133975028992,0.19735008478164673
95,0.17524833977222443,0.19609828293323517
96,0.144117534160614,0.1552133560180664
97,0.15393173694610596,0.1663384735584259
98,0.20029576122760773,0.2099004089832306
99,0.13897408545017242,0.14167985320091248
100,0.16463486850261688,0.16941647231578827
101,0.14996328949928284,0.15813423693180084
102,0.15405553579330444,0.163237065076828
103,0.1352645605802536,0.1433693766593933
104,0.15031133592128754,0.15161395072937012
105,0.14736761152744293,0.1417030245065689
106,0.15801751613616943,0.15535518527030945
107,0.15549901127815247,0.1545364111661911
108,0.16120487451553345,0.1762571930885315
109,0.14017924666404724,0.1509246826171875
110,0.14201503992080688,0.13640153408050537
111,0.13253332674503326,0.135256826877594
112,0.13484100997447968,0.12737861275672913
113,0.15609994530677795,0.16584551334381104
114,0.1415039300918579,0.15427134931087494
115,0.12917745113372803,0.12859010696411133
116,0.119717076420784,0.11912988126277924
117,0.1589430421590805,0.15863525867462158
118,0.15332822501659393,0.14753122627735138
119,0.14007924497127533,0.1257886290550232
120,0.13553988933563232,0.12060881406068802
121,0.14514802396297455,0.14198434352874756
122,0.13451498746871948,0.13625775277614594
123,0.13281652331352234,0.12522517144680023
124,0.14422428607940674,0.14257606863975525
125,0.16096925735473633,0.1649342030286789
126,0.12946385145187378,0.1132565289735794
127,0.14195118844509125,0.13599704205989838
128,0.13253991305828094,0.12581810355186462
129,0.17506840825080872,0.1726088970899582
130,0.14939895272254944,0.14423243701457977
131,0.15484032034873962,0.14675083756446838
132,0.1413031965494156,0.13163189589977264
133,0.14273512363433838,0.13619130849838257
134,0.1515834927558899,0.1397821456193924
135,0.15329207479953766,0.14004749059677124
136,0.13882847130298615,0.1261157989501953
137,0.15583579242229462,0.15036548674106598
138,0.16086921095848083,0.1571996659040451
139,0.1745876669883728,0.17059803009033203
140,0.15627801418304443,0.14592017233371735
141,0.14346902072429657,0.13551221787929535
142,0.13384424149990082,0.11819027364253998
143,0.1350681483745575,0.12238278239965439
144,0.12072330713272095,0.12094496190547943
145,0.13337108492851257,0.1200641617178917
146,0.12736482918262482,0.10670506209135056
147,0.13152076303958893,0.10783644020557404
148,0.12354524433612823,0.10976216942071915
149,0.12335267663002014,0.10904237627983093
150,0.11223037540912628,0.0999838262796402
151,0.12687793374061584,0.10726042091846466
152,0.1258404552936554,0.11903171986341476
153,0.1676398068666458,0.16424167156219482
154,0.11619143187999725,0.10762955248355865
155,0.11393062770366669,0.1079312115907669
156,0.15876957774162292,0.1569768488407135
157,0.12355684489011765,0.11618559062480927
158,0.10959137976169586,0.10075247287750244
159,0.12804093956947327,0.12492625415325165
160,0.11465967446565628,0.1131809875369072
161,0.10207133740186691,0.08230319619178772
162,0.1125708669424057,0.09631003439426422
163,0.0876992791891098,0.07708840072154999
164,0.11336064338684082,0.12682054936885834
165,0.15053687989711761,0.15034452080726624
166,0.10840445756912231,0.10073799639940262
167,0.11715883016586304,0.12129325419664383
168,0.09199598431587219,0.08416882157325745
169,0.09267514944076538,0.0860351026058197
170,0.0929073914885521,0.08383336663246155
171,0.10114726424217224,0.10256297141313553
172,0.12546952068805695,0.1124178096652031
173,0.10607174038887024,0.09954443573951721
174,0.08401487022638321,0.07945238798856735
175,0.09786033630371094,0.09791333973407745
176,0.0983971431851387,0.08994635194540024
177,0.0813152939081192,0.077315554022789
178,0.08814457803964615,0.0870247483253479
179,0.09013845026493073,0.08370314538478851
180,0.0677640289068222,0.05856829136610031
181,0.08705317229032516,0.07822021096944809
182,0.08037175983190536,0.0926695391535759
183,0.07837854325771332,0.07535670697689056
184,0.09625539183616638,0.0996655598282814
185,0.08375019580125809,0.09006479382514954
186,0.08040677011013031,0.0806126669049263
187,0.08770966529846191,0.09057192504405975
188,0.07121003419160843,0.06879347562789917
189,0.0904550552368164,0.08884315937757492
190,0.07554144412279129,0.07544327527284622
191,0.09155168384313583,0.09920056909322739
192,0.08302187919616699,0.08157308399677277
193,0.07399431616067886,0.07384120672941208
194,0.08015066385269165,0.08213663101196289
195,0.09242252260446548,0.09710530191659927
196,0.07795759290456772,0.0835810974240303
197,0.0852498933672905,0.0862559974193573
198,0.06906363368034363,0.06413193792104721
199,0.08770060539245605,0.09676143527030945
200,0.06688879430294037,0.06159380078315735
201,0.07280527800321579,0.06781814247369766
202,0.05529695749282837,0.058168768882751465
203,0.07323171198368073,0.0715465098619461
204,0.06081116944551468,0.0580299012362957
205,0.053768932819366455,0.049870338290929794
206,0.06409610062837601,0.06665493547916412
207,0.07617855072021484,0.07888104021549225
208,0.074060820043087,0.07601045817136765
209,0.06821440160274506,0.06186574697494507
210,0.059143178164958954,0.0605655312538147
211,0.06877854466438293,0.07322718948125839
212,0.05596720799803734,0.05427102744579315
213,0.04134132340550423,0.046041909605264664
214,0.05127563327550888,0.05520843714475632
215,0.057162586599588394,0.05780018866062164
216,0.051618196070194244,0.04798867553472519
217,0.053518615663051605,0.05734066665172577
218,0.07366416603326797,0.08082269132137299
219,0.05600070208311081,0.056654058396816254
220,0.05043976008892059,0.04771964251995087
221,0.049476154148578644,0.05045465752482414
222,0.06591327488422394,0.07147669047117233
223,0.053514473140239716,0.05276832729578018
224,0.045980148017406464,0.04088440537452698
225,0.05577721446752548,0.04971982538700104
226,0.037673790007829666,0.031144384294748306
227,0.05428635701537132,0.05492398142814636
228,0.04977503791451454,0.046764351427555084
229,0.03804827108979225,0.033897995948791504
230,0.05383932590484619,0.04789752513170242
231,0.06411735713481903,0.06245943903923035
232,0.0779268816113472,0.07636930793523788
233,0.07023153454065323,0.06758106499910355
234,0.06123514473438263,0.054401762783527374
235,0.06178631633520126,0.05910934880375862
236,0.0518689826130867,0.04525027051568031
237,0.0434659868478775,0.03954493999481201
238,0.07745973020792007,0.07644759118556976
239,0.057420458644628525,0.054875247180461884
240,0.06420102715492249,0.05532876029610634
241,0.06376945227384567,0.060063134878873825
242,0.05859484523534775,0.0615471675992012
243,0.0758131816983223,0.07701660692691803
244,0.052190180867910385,0.04690691828727722
245,0.05132126063108444,0.047169607132673264
246,0.05563779175281525,0.04674399644136429
247,0.0426526740193367,0.03762202709913254
248,0.053328003734350204,0.047721415758132935
249,0.05526749789714813,0.06184151768684387
250,0.042074114084243774,0.043274395167827606
251,0.04967505857348442,0.053922343999147415
252,0.04137297719717026,0.03286784142255783
253,0.04070357605814934,0.0392962247133255
254,0.04674053564667702,0.04556911066174507
255,0.03714290261268616,0.029942110180854797
256,0.04387558996677399,0.046560849994421005
257,0.05659603700041771,0.05244151130318642
258,0.053930457681417465,0.058655593544244766
259,0.03956747055053711,0.04378179833292961
260,0.06549375504255295,0.07313607633113861
261,0.05297575145959854,0.054952092468738556
262,0.04948486387729645,0.053612418472766876
263,0.059302207082509995,0.06109049916267395
264,0.03950165957212448,0.04414188116788864
265,0.03790460154414177,0.0363057404756546
266,0.044554390013217926,0.04608725383877754
267,0.04441852122545242,0.04699292033910751
268,0.04409671574831009,0.0469648614525795
269,0.03615640103816986,0.03595339506864548
270,0.034018099308013916,0.03731072321534157
271,0.047120124101638794,0.05928253382444382
272,0.03873639553785324,0.03685494139790535
273,0.046333618462085724,0.05107871815562248
274,0.03858499228954315,0.0382150337100029
275,0.06209799274802208,0.06838545203208923
276,0.04080060124397278,0.04386064410209656
277,0.048465121537446976,0.05222982168197632
278,0.032782889902591705,0.03445615619421005
279,0.048343125730752945,0.05715157091617584
280,0.04171879589557648,0.036553382873535156
281,0.04142032936215401,0.04401300847530365
282,0.04105259105563164,0.0426652692258358
283,0.04092658311128616,0.04094863682985306
284,0.044576894491910934,0.04767898470163345
285,0.0639612078666687,0.05734855681657791
286,0.05196131765842438,0.0509762242436409
287,0.03862263634800911,0.04016696661710739
288,0.06418023258447647,0.06627118587493896
289,0.06646928936243057,0.07844619452953339
290,0.052466001361608505,0.05965513736009598
291,0.05878784507513046,0.06384465843439102
292,0.051541272550821304,0.05946936830878258
293,0.05264915153384209,0.05521893501281738
294,0.04814042150974274,0.04585929214954376
295,0.03908301889896393,0.03932098671793938
296,0.050392791628837585,0.04097435250878334
297,0.04312269762158394,0.048112161457538605
298,0.04359257221221924,0.04597579687833786
299,0.043839097023010254,0.0446416474878788
300,0.05178142711520195,0.05548259615898132
301,0.04360844939947128,0.04716604948043823
302,0.056243445724248886,0.06431117653846741
303,0.04439162090420723,0.043683286756277084
304,0.06596437096595764,0.05861538648605347
305,0.05344969034194946,0.0429203063249588
306,0.032221581786870956,0.026965627446770668
307,0.038242585957050323,0.03166629374027252
308,0.05067854002118111,0.04725969582796097
