Step,Distance
1,0.026041148948129925
2,0.026060159016964252
3,0.02608872041957789
4,0.026126899300862642
5,0.026174876551858246
6,0.026232965663900615
7,0.026301648404500506
8,0.026381610721264204
9,0.026473778914317517
10,0.026579356109616474
11,0.026699859054400806
12,0.0268365055645358
13,0.026989918909900462
14,0.026972425286029292
15,0.027016897678073665
16,0.027069263437220284
17,0.027129230645320607
18,0.027196190314257063
19,0.027266734243225312
20,0.027342298813658048
21,0.027424323045350675
22,0.02751424929408685
23,0.02761352390642537
24,0.02772359782134824
25,0.02784592710799475
26,0.027980507249178086
27,0.02812587507695835
28,0.028280575441766494
29,0.028443160271654548
30,0.028613626946358186
31,0.02879341648846083
32,0.02898397367664984
33,0.029186747448508483
34,0.02940319122536188
35,0.029634083216511325
36,0.02988020362406979
37,0.030143013751345118
38,0.030423979501253147
39,0.030723077606668654
40,0.03103880251974328
41,0.03136966385313148
42,0.031714212913249946
43,0.03207246046778693
44,0.03244584255611746
45,0.03283579758201273
46,0.03324376605283085
47,0.03367119017772778
48,0.03411951330808541
49,0.0345901792021009
50,0.03508463109409446
51,0.035604310547554315
52,0.03615065606924414
53,0.03672510145983265
54,0.03732907387445971
55,0.0379639915644098
56,0.03863126126861352
57,0.03933227522102006
58,0.04006840773696571
59,0.04084101133848604
60,0.0416514123750669
61,0.04250090609258049
62,0.04339075109909145
63,0.04432206613312864
64,0.04529508010218893
65,0.04630843221381307
66,0.047359981465901084
67,0.0859178322648089
68,0.08814254197192428
69,0.09034892025926289
70,0.09253788281659349
71,0.09471032484908935
72,0.09686711715145317
73,0.09900910300932392
74,0.10113709574797418
75,0.10325187678607156
76,0.10535419408148305
77,0.10744476087882177
78,0.10954766067717962
79,0.11166167796309541
80,0.11378554156611592
81,0.11591791686412471
82,0.11805739774659323
83,0.12019868064664527
84,0.0645357333741579
85,0.06537346013843176
86,0.06625900178161294
87,0.06718807947021023
88,0.06815668682078832
89,0.06916108492664655
90,0.0701977938900725
91,0.07126358172529614
92,0.07235545138284137
93,0.073470626528446
94,0.07460653659669797
95,0.07576080153573432
96,0.07693121656733796
97,0.2907699135078583
98,0.29054792670866997
99,0.2902149504958487
100,0.2897709892033357
101,0.2892160443099047
102,0.2885501135512083
103,0.2877731892503502
104,0.2868852699667228
105,0.2858863691622438
106,0.2847765096694806
107,0.28355572620742864
108,0.2822240687159855
109,0.2807816068443135
110,0.2792284359842287
111,0.2775646852982756
112,0.275790454436775
113,0.2739057772759821
114,0.27191066437163086
115,0.26991590843905583
116,0.26792141503118777
117,0.26592708215106914
118,0.26393280328185287
119,0.26193847040173446
120,0.2599440836815152
121,0.25794975080139654
122,0.2559555810121937
123,0.2539616882809091
124,0.2519681944493488
125,0.24997521558383037
126,0.24798275333524133
127,0.24599069740934137
128,0.2439989278123914
129,0.24200731788060362
130,0.24001573728695993
131,0.23802405503558088
132,0.23603214245382034
133,0.2340398761922593
134,0.23204714124277478
135,0.23005384426499628
136,0.22805994130595006
137,0.22606549529573586
138,0.22407063438796446
139,0.22207547425269308
140,0.2200801212649792
141,0.2180845796685513
142,0.21608876013230502
143,0.21409267110247768
144,0.2120963363566162
145,0.21009969416545857
146,0.20810275739065984
147,0.20610561593860538
148,0.20410835149911188
149,0.20211104069112812
150,0.20011368401597987
151,0.19811620939192212
152,0.19611861923819288
153,0.19412094778570316
154,0.1921232273914312
155,0.19012552687585113
156,0.18812791596339642
157,0.1861304684079534
158,0.18413318920278104
159,0.18213600715175451
160,0.18013884714367703
161,0.1781417093140727
162,0.1761446713326126
163,0.17414781490351833
164,0.17215122890648224
165,0.17015501255796023
166,0.16815918406308258
167,0.16616376310070363
168,0.1641688712815368
169,0.16217453653490813
170,0.16018067424865556
171,0.15818730408224643
172,0.15619456744090154
173,0.15420262255229306
174,0.15221164775239218
175,0.15022184482584264
176,0.14823344240939135
177,0.14624655371366063
178,0.14426129930241471
179,0.14227796475186688
180,0.14029687064442758
181,0.1383181553620274
182,0.13634173085792142
183,0.1343677154549945
184,0.13239622358525277
185,0.13042711203964552
186,0.12846020874525174
187,0.12649531606641087
188,0.12453221400951912
189,0.12257066334302723
190,0.12061040864406064
191,0.1186512265869908
192,0.11669381288157982
193,0.1147383479290316
194,0.11278462588285666
195,0.1108324245452844
196,0.10888150689508051
197,0.10693194500998093
198,0.10498381672253393
199,0.10303687348318127
200,0.10109118935163668
201,0.09914718458443479
202,0.09720530819920585
203,0.09526604428680358
204,0.09332955595098162
205,0.09139573525106372
206,0.0894645147634411
207,0.08753605807812609
208,0.08561049181614805
209,0.08368761701833885
210,0.0817672213253729
211,0.07984908003379924
212,0.07793295713162592
213,0.07601860631781379
214,0.0741057720100642
215,0.07219419034533872
216,0.07028359017763855
217,0.06837369407767556
218,0.06646466546097045
219,0.06455713495121147
220,0.06265177569418101
221,0.059265121529089596
222,0.05727373087921594
223,0.05528168651715238
224,0.05328913814562126
225,0.051296160213323394
226,0.04930279363544856
227,0.047309023015331506
228,0.04531486044528211
229,0.04332042536530674
230,0.0413258292931737
231,0.039331178982198144
232,0.03733657956582331
233,0.035342137697704175
234,0.03334796469601275
235,0.03135417970067044
236,0.029360912852209008
237,0.027368308500948055
238,0.025376528455151662
239,0.023385755276792663
240,0.02139619563351126
241,0.01940808371528923
242,0.01742168472428611
243,0.015437292741588119
244,0.013455037223373581
245,0.011475056741499476
246,0.009497711951004456
247,0.007523405355044013
248,0.005552585157669882
249,0.0035857492264575303
250,0.0016231472268676765
251,0.0003351421384533275
252,0.00228883305936517
253,0.004237787665680646
254,0.006182136266647677
255,0.008122051243431296
256,0.010057743311365335
257,0.011989069347092722
258,0.013915881755162885
259,0.015838028363616627
260,0.017754940125692655
261,0.019666299919339724
262,0.02157177260225796
263,0.02347069629228095
264,0.025362860157353173
265,0.027248559295007715
266,0.029128127549488313
267,0.031001933952561348
268,0.03286984636365066
269,0.03473173693113911
270,0.036587474354753215
271,0.038436358851578104
272,0.04027764885889905
273,0.04211055736590541
274,0.04393438416758058
