Step,Distance
1,0.026041148948129925
2,0.026060159016964252
3,0.026088760145646657
4,0.026127115689638457
5,0.026175512909280576
6,0.026234398720128543
7,0.026304415691024558
8,0.02638643833179155
9,0.02648160970461451
10,0.026591378382366367
11,0.026717535762118313
12,0.026862253721339276
13,0.02702812257608068
14,0.02703039076472332
15,0.02710480007396024
16,0.02720160398095312
17,0.027325505116494193
18,0.02748183066751927
19,0.027665540626502734
20,0.027876600635831708
21,0.02811339701725704
22,0.028374335846264274
23,0.02865784268435221
24,0.02896236213292136
25,0.02928635722803909
26,0.029629796065793662
27,0.029994142660664237
28,0.030379356400426223
29,0.03078539330393905
30,0.03121370862404595
31,0.031665758309710794
32,0.032142997969978986
33,0.03264688160413644
34,0.03317886007383707
35,0.03373882189127924
36,0.03432618156449813
37,0.034941893339280924
38,0.03558582240278032
39,0.03625630849427745
40,0.03695321782865807
41,0.03767791473862042
42,0.038431750822866664
43,0.03921606224598807
44,0.04003216667032143
45,0.04087982052803839
46,0.041757261889725096
47,0.042662777331668296
48,0.043594700547815626
49,0.044551410790920135
50,0.04553133116569985
51,0.04653428758385245
52,0.047560105374056236
53,0.04860860229407778
54,0.049679595741423575
55,0.05077157856795817
56,0.05188308600876881
57,0.053013964313182546
58,0.054165332815671714
59,0.055338287822799044
60,0.05653389972574924
61,0.05775320981621564
62,0.05899722677921186
63,0.06026692283461515
64,0.06156322949735521
65,0.06288703292413768
66,0.06423916881242933
67,0.06562041681513829
68,0.06703023180370286
69,0.0684668314002713
70,0.06992968964602533
71,0.07141944758309053
72,0.11492060650681371
73,0.1171841037512869
74,0.11945970125627126
75,0.12173844661355512
76,0.12400905659125946
77,0.1262563589260452
78,0.128481837125452
79,0.13071164898667903
80,0.13291994025447723
81,0.13510818641929592
82,0.13727779984300692
83,0.13943013091022669
84,0.34655555555558487
85,0.34633333333353883
86,0.34600000000046977
87,0.3455555555705992
88,0.34500000015836824
89,0.34433333424218376
90,0.34355555926291986
91,0.34266667876599605
92,0.34166670034942354
93,0.34055563873594835
94,0.33933352034578973
95,0.33800038980794384
96,0.33655630095865857
97,0.33500130287570157
98,0.3333354427151967
99,0.3315587614491818
100,0.3296712893619366
101,0.3276730415722336
102,0.32567501000070925
103,0.3236771404895023
104,0.3216793712570864
105,0.319681635957544
106,0.3176838667251281
107,0.31568599721392104
108,0.3136879656423966
109,0.31168971785269356
110,0.30969121039441666
111,0.30769241364278915
112,0.3056933149609951
113,0.30369392191656236
114,0.3016942655616483
115,0.29969440378710094
116,0.29769442476016555
117,0.29569445045570003
118,0.29369464029073405
119,0.29169519487215817
120,0.2896963598672552
121,0.2876984300066698
122,0.28570175322925634
123,0.28370673497802806
124,0.2817138426561446
125,0.2797236102515091
126,0.27773664313807184
127,0.2757536230613448
128,0.27377531331489485
129,0.27180256411366793
130,0.2698359995903577
131,0.2678762407531951
132,0.26592389411689105
133,0.26397918332837617
134,0.2620422520645666
135,0.26011316973217785
136,0.25819193686020786
137,0.2562784902023711
138,0.25437270756658664
139,0.2524744123883749
140,0.2505838863096232
141,0.24870140387093126
142,0.24682724436811826
143,0.24496224824723217
144,0.24310731755156184
145,0.24126342011109386
146,0.2394309396032041
147,0.2376095984416648
148,0.2357997413377994
149,0.23400240992969262
150,0.23221862487246808
151,0.23044870413549973
152,0.22869305524649003
153,0.22695288585965795
154,0.22522947942302457
155,0.2235233157739696
156,0.22183398459935294
157,0.22016120671889367
158,0.21850557223317063
159,0.2168684225304111
160,0.2152511738257002
161,0.21365429592067448
162,0.212077228733963
163,0.21051935656545423
164,0.2089800129606813
165,0.20745848521411986
166,0.20595506752343345
167,0.20447112413718388
168,0.20300808150929067
169,0.20156743154265527
170,0.2001507347977433
171,0.19875962365089211
172,0.19739580538429785
173,0.19605975945768989
174,0.19475065764608462
175,0.19346762166750647
176,0.1922097282034531
177,0.19097601348174736
178,0.18976677478440457
179,0.18858290285450136
180,0.1874253144286845
181,0.18629569024833237
182,0.18519577201810772
183,0.18412736447145245
184,0.18309233726285673
185,0.18209262665599873
186,0.1811302369724283
187,0.18020724176047725
188,0.1793259258560215
189,0.17849901361466708
190,0.17773445845809105
191,0.17703350072860727
192,0.17639729484473057
193,0.03057956559980938
194,0.030596526000550617
195,0.030622052691876907
196,0.030656309153061553
197,0.030699582864612676
198,0.030752321090756627
199,0.03081516691467669
200,0.030888995570806026
201,0.030974951111173425
202,0.03107403167469727
203,0.031187331053076223
204,0.03131629627941843
205,0.031461929835202934
206,0.03162480410278462
207,0.03180528914520843
208,0.03200351856294359
209,0.03221935526826405
210,0.03245235707593792
211,0.03268854771147764
212,0.032926501808418475
213,0.033164795525499315
214,0.033402607042824495
215,0.03364037504604189
216,0.03387936015314627
217,0.03412098630189246
218,0.034366678345679996
219,0.03461786252467749
220,0.03487596690809458
221,0.03514242179713679
222,0.0354186600778525
223,0.03570611751266665
224,0.03600623295888941
225,0.06421181799459634
226,0.06603046810038048
227,0.06786614039873394
228,0.06971791962445363
229,0.07158493568257633
230,0.07346635448396874
231,0.03302928245372821
232,0.032860093147134
233,0.032717283020753204
234,0.032602465911259086
235,0.03251727350070768
236,0.03246335492942546
237,0.03244237614324474
238,0.032456018945127084
239,0.03250597971812419
240,0.032593967783226575
241,0.03272170335188773
242,0.032890915028870295
243,0.033103336816493224
244,0.03336070456633028
245,0.03366441549782527
246,0.034014906558803175
247,0.03441198071696975
248,0.03485541475284558
249,0.035344959385249924
250,0.03588033941143849
251,0.03646125386180999
252,0.037087376169100586
253,0.03775835435196671
254,0.03847381121285489
255,0.039233344550048066
256,0.04003652738376691
257,0.040882908196201426
258,0.02916983222712278
259,0.031041390240330924
260,0.03293872858253432
261,0.03485665887790832
262,0.03679096756777973
263,0.038738195761866386
264,0.04069547319639475
265,0.04266039236502536
266,0.04463091249513891
267,0.04660528577383101
268,0.00083838931999773
269,0.0003263311008687604
270,0.0015292691307564046
271,0.0027697485252014503
272,0.004047071935460532
273,0.005360521300533618
274,0.006708661936251757
275,0.008089410533246506
276,0.00950127847445875
277,0.010944096073872304
278,0.012418420409150203
279,0.013924230038978712
280,0.015460820937003605
281,0.017027329292237103
282,0.018622874475272933
283,0.020246559533341642
284,0.021896940446196007
285,0.023573120043226828
286,0.025274693708197567
287,0.027000704883295167
288,0.0287497277800528
289,0.030519946463464984
290,0.032309660450477874
291,0.034117279473124075
292,0.03594131828630129
293,0.03778107165471081
294,0.03963583883583781
295,0.041504902713754066
296,0.34655555555558487
297,0.3463333333351844
298,0.3460000000275186
299,0.3455555557615196
300,0.3450000010271492
301,0.34433333724746135
302,0.3435555678710949
303,0.3426667002416806
304,0.3416667485568667
305,0.34055573828863944
306,0.3393337124988088
307,0.3380007405494165
308,0.33655692977782276
309,0.33500244078069136
310,0.3333375070302432
311,0.3315624596300159
312,0.3296777581057117
313,0.3276840282188909
314,0.3256926603836497
315,0.3237042020505931
316,0.32171927211634294
317,0.31973856589767763
318,0.3177628602939195
319,0.31579301914313723
320,0.3138299987765865
321,0.3118748537744202
322,0.3099287429240189
323,0.3079929353802688
324,0.3060688170246893
325,0.3041578970174134
326,0.3022615039620991
327,0.3003803789731752
328,0.29851486159578516
329,0.29666517952606447
330,0.29483145685540163
331,0.2930139955145244
332,0.291213808338637
333,0.289432449947673
334,0.2876715840884893
335,0.28593298890247615
336,0.28421819194887216
337,0.282528277895378
338,0.2808641967452314
339,0.2792268839794278
340,0.27761726003082904
341,0.27603622976673275
342,0.27448468198019155
343,0.2729634888903681
344,0.2714728719014133
345,0.2700133899075983
346,0.26858648080017306
347,0.267193196013141
348,0.2658336221923419
349,0.2645070904292233
350,0.26321285795967825
351,0.26195011560255005
352,0.2607179945513391
353,0.2595155725673754
354,0.2583432741417872
355,0.25720150680066806
356,0.25608924252565174
357,0.25500541373604263
358,0.25394891779794676
359,0.2529186210988355
360,0.2519133627223618
361,0.2509319577558758
362,0.24997320026087505
363,0.2490372526442413
364,0.24812568244614003
365,0.24724009945788122
366,0.2463821574029879
367,0.24555355547327634
368,0.24475450869424425
369,0.24398409940569193
370,0.026041148948129925
371,0.026060159016964252
372,0.026088760145646657
373,0.026127115689638457
374,0.026175512909280576
375,0.026234398720128543
376,0.026304415691024558
377,0.02638643833179155
378,0.02648160970461451
379,0.026591378382366367
380,0.026717535762118313
381,0.026862253721339276
382,0.02702812257608068
383,0.02703039076472332
384,0.02710480007396024
385,0.02720039173005054
386,0.027320337277857466
387,0.02746792168921237
388,0.027636682669126333
389,0.027828130777976575
390,0.0280437837427547
391,0.02828516592879618
392,0.028553807594005987
393,0.028851243902066028
394,0.029179013668984375
395,0.029538657815002776
396,0.02993055117804011
397,0.03035344141504806
398,0.030805629266868948
399,0.03128544509029583
400,0.031791248425947556
401,0.03232257502593547
402,0.032880488616906095
403,0.033466417854510516
404,0.03408178434009208
405,0.034728000340304925
406,0.035406466156481936
407,0.036118567109864046
408,0.036865670105897856
409,0.03764911973765313
410,0.03847023388497831
411,0.039330298762288766
412,0.0402305633638491
413,0.0411721552575979
414,0.04215531408416941
415,0.04317948715032651
416,0.04424409870623933
417,0.045347763309932634
418,0.046488345917930225
419,0.04766379189334789
420,0.048872125302493005
421,0.050111446948619805
422,0.05137993218468407
423,0.05267582854150973
424,0.05399745320298029
425,0.05534319035563053
426,0.05671148843626941
427,0.05810085729795791
428,0.05950986531174402
429,0.06093713641897806
430,0.06238134714675332
431,0.06384122359700822
432,0.06531553841805399
433,0.06680412328243804
434,0.06830782374008386
435,0.0698274538024748
436,0.07136379262850577
437,0.07291658519871048
438,0.07448556848077842
439,0.07607144551605527
440,0.07767487572583905
441,0.07929647068163224
442,0.08093585140122393
443,0.08259172121786061
444,0.0842637266324403
445,0.13002927338904363
446,0.13218454938789218
447,0.13432522297871327
448,0.13645218795144634
449,0.13856629802192172
450,0.026781595601611946
451,0.026827903382987062
452,0.026900604485410002
453,0.026344869776709617
454,0.026355890767616724
455,0.026368737036224624
456,0.02638300141667399
457,0.026398084786816305
458,0.026413159790446852
459,0.026427134177790697
460,0.02643861370049079
461,0.02644651443128124
462,0.02645035912594783
463,0.026449860664733447
464,0.026444956825993862
465,0.026435845153498054
466,0.02642301798604917
467,0.02640729772089105
468,0.02639037652252892
469,0.026371839282822024
470,0.026351686012084586
471,0.026330199601943712
472,0.02630622853052221
473,0.026278337108416604
474,0.026245087380063287
475,0.02620503833113416
476,0.026156745130384997
477,0.026098758415751967
478,0.026031079516318757
479,0.025955159740354013
480,0.02587244482826794
481,0.025784375851992388
482,0.02569239015598472
483,0.02559792233061234
484,0.025502405209000687
485,0.025407270878642793
486,0.025313951699235494
487,0.0252238813182433
488,0.04764556529414061
489,0.049449154761499296
490,0.05128812992187082
491,0.053159563494673594
492,0.05506085211706378
493,0.05695797010804778
494,0.058881260370940346
495,0.025732235785345746
496,0.02620138321952386
497,0.026684981440554065
498,0.027183004126023244
499,0.02769542325410643
500,0.028223643362354448
501,0.028769068402686223
502,0.029331655486130023
503,0.029909927879239795
504,0.030502428159510504
505,0.03110771673357167
506,0.03172437028547322
507,0.03235098016448055
508,0.03298615072095151
509,0.03362849759814632
510,0.03427664598719498
511,0.034929228851926786
512,0.03558488512982323
513,0.03624225791502206
514,0.036899992629027566
515,0.0375567351846088
516,0.038211130148270815
517,0.038861818906647784
518,0.03950743784224481
519,0.040146616524076376
520,0.04077797591897633
521,0.041401505608031824
522,0.04201857029946085
523,0.04263894625517461
524,0.04332626488477569
525,0.044091383860903346
526,0.044931616954337165
527,0.07489257441719926
528,0.046788384239266095
529,0.04773050682594965
530,0.04866789876301129
531,0.04959927783939427
532,0.05052335134831378
533,0.05143881390567802
534,0.05234434529042589
535,0.05323860831167117
536,0.05412024670808185
537,0.054987883085548715
538,0.05584146569980715
539,0.05668228622574629
540,0.057511642195184336
541,0.05833083605726485
542,0.05914117435156052
543,0.05994396697928237
544,0.060740526558623456
545,0.0615321678508043
546,0.0623202072438422
547,0.06310596228143837
548,0.06389075122466882
549,0.06467589263437373
550,0.06546270496227755
551,0.06625250613892604
552,0.06704661314650541
553,0.06784634156451327
554,0.06865168417664784
555,0.06946131695568113
556,0.07027392255581727
557,0.07108818827694546
558,0.07190280401890628
559,0.07271776973314156
560,0.0735360051013033
561,0.07438885884112603
562,0.07528363837437108
563,0.09924567501610675
564,0.09917745199445316
565,0.09915138217986004
566,0.09916893366545355
567,0.09923151911756978
568,0.09934049005173648
569,0.0994971311479587
570,0.09970265467801849
571,0.09995819511692584
572,0.08642637730701469
573,0.08771805647078808
574,0.08902108392937769
575,0.09033650670770703
576,0.0916643268084451
577,0.09300454156392288
578,0.09435816122913372
579,0.09572507604730876
580,0.0971051720780035
581,0.09849833741764186
582,0.09990445593764317
583,0.10132341362442618
584,0.10275404741370615
585,0.1041952273715664
586,0.10564585378836355
587,0.10710485427204279
588,0.34655555555558487
589,0.3463333333351844
590,0.3460000000275186
591,0.3455555557615196
592,0.3450000010271492
593,0.34433333724746135
594,0.3435555678710949
595,0.3426667002416806
596,0.3416667485568667
597,0.34055573828863944
598,0.3393337124988088
599,0.3380007405494165
600,0.33655692977782276
601,0.33500244078069136
602,0.3333375070302432
603,0.3315624596300159
604,0.3296777581057117
605,0.3276840282188909
606,0.3256926461096444
607,0.32370413894478894
608,0.32171911295150707
609,0.31973801902342996
610,0.31776106809958754
611,0.315788404421736
612,0.3138201103884965
613,0.31185621118091383
614,0.3098966791731474
615,0.3079414381419547
616,0.30599070447658444
617,0.30404502947300954
618,0.30210501526505734
619,0.3001713363385134
620,0.29824430173150157
621,0.296324225830823
622,0.2944118806779817
623,0.29250784517988765
624,0.29061232729016234
625,0.2887252645429677
626,0.2868464378957148
627,0.2849755786407739
628,0.2831125330181386
629,0.28125711510932455
630,0.27940894308934955
631,0.2775675988160908
632,0.2757326312541652
633,0.2739041624125063
634,0.27208292924573113
635,0.2702697090589144
636,0.26846532310720034
637,0.2666700607212021
638,0.26488422149924545
639,0.2631087116433431
640,0.26134448955588957
641,0.25959256960336646
642,0.25785402593723344
643,0.25612999637014594
644,0.25442168630431844
645,0.2527303727073276
646,0.2510564917439175
647,0.24940048252722063
648,0.24776347488139433
649,0.2461456653629845
650,0.24454749903454237
651,0.24296940822854446
652,0.24141078657901954
653,0.2398709758310204
654,0.2383503197334183
655,0.2368502337636344
656,0.23537220109343976
657,0.23391777592866886
658,0.2324885868070244
659,0.23108633983611643
660,0.22971259511600078
661,0.22836766131499692
662,0.22705074204411752
663,0.22576098667677064
664,0.2244974957719355
665,0.22325932602573711
666,0.222045494787168
667,0.22085498417145638
668,0.21968674480247458
669,0.21853969921360034
670,0.21741274493460166
671,0.2163059298226226
672,0.21521929385970645
673,0.21415168465779572
674,0.21310820784666457
675,0.026781597871871017
676,0.026827941081131613
677,0.026900832548680753
678,0.026345748129030237
679,0.026358277261809046
680,0.02637412428378157
681,0.026393934204708563
682,0.026418585028302438
683,0.026449224681869627
684,0.02648730838888101
685,0.026534636520877765
686,0.026593392948591445
687,0.026666183888390302
688,0.0267560772070562
689,0.026866642102999782
690,0.02700198902243589
691,0.027166809591396515
692,0.027366416244842536
693,0.0275933500420926
694,0.027849158674269223
695,0.02813539498997801
696,0.02845361555081642
697,0.028805378865431226
698,0.029192243268837865
699,0.02961576441058788
700,0.030075795062030005
701,0.030570509729768585
702,0.031098118745938496
703,0.031656868276838966
704,0.03224504005419395
705,0.03286095086066832
706,0.033502951797923064
707,0.03417072072385747
708,0.03486393789152913
709,0.03558100130893379
710,0.03632113007459781
711,0.03708500280976005
712,0.03787356405612898
713,0.03868635655638513
714,0.039521869528367566
715,0.07268084222332834
716,0.07465361507418045
717,0.07657285405700637
718,0.07600693516385613
719,0.07550801259556097
720,0.07507894998874634
721,0.07472250219153469
722,0.07444128459327845
723,0.0742377421313143
724,0.07411411877007996
725,0.05149134341924919
726,0.052936825482900074
727,0.05439952248292329
728,0.05587827365839558
729,0.057371961839099775
730,0.05887939426526226
731,0.06039971382584298
732,0.061932092916347194
733,0.06347544329560674
734,0.06502871250475192
735,0.06659088077465777
736,0.06816095794524045
737,0.06973798039746731
738,0.07132100799832748
739,0.07290912105847787
740,0.07450229114269422
741,0.07610136246366
742,0.0777071656802129
743,0.07932044518831259
744,0.08094106853475495
745,0.08256812223570457
746,0.08420071617918892
747,0.08583798052645818
748,0.08747906262872872
749,0.0891234123814053
750,0.0907713038999293
751,0.09242353519392693
752,0
753,0.024444442231974006
754,0.024444415676933395
755,0.024444289501355076
756,0.024443899739385933
757,0.024442958034742113
758,0.02444101571016044
759,0.024437427543583135
760,0.02443131518704439
761,0.024421530167259453
762,0.02440661641270453
763,0.024384772261719367
764,0.02435381192132216
765,0.024341761135051855
766,0.024411917767899263
767,0.02458213764869577
768,0.024868651342228987
769,0.041666013673624984
770,0.043506434749295234
771,0.0454097145274317
772,0.04736989041774882
773,0.04938166226935544
774,0.051429325424001054
775,0.053489845013019933
776,0.055589888758821204
777,0.05772600435527166
778,0.059849439535361273
779,0.06196925681697247
780,0.06410269000803617
781,0.0333140222727725
782,0.03385122804123922
783,0.034420695484191216
784,0.03502141268649109
785,0.03565263562549034
786,0.03631363109026289
787,0.03700421534879142
788,0.03772574266237341
789,0.03847801737006454
790,0.03925980211629057
791,0.04006988750429155
792,0.04090807910700914
793,0.04177506663749633
794,0.04267133726988134
795,0.04359647240744721
796,0.04454878198575371
797,0.04552662378989211
798,0.0465288380276965
799,0.047554794392521776
800,0.04860479831632605
801,0.04967989715807
802,0.050780471654537446
803,0.05190644046290241
804,0.05305834158959008
805,0.054235934489366505
806,0.05543896641197979
807,0.0566675048397319
808,0.05792094108640408
809,0.0591991118490435
810,0.06050123228773405
811,0.061825760443882855
812,0.06317121228867914
813,0.06453615895144596
814,0.06591922389419572
815,0.06731952523547216
816,0.06873713957655028
817,0.07017240243768327
818,0.07162579153166485
819,0.07309765974767504
820,0.07458727634730503
821,0.07609396213647932
822,0.07761706101159507
823,0.07915587640247582
824,0.08071065680902348
825,0.08228109962293642
826,0.0838666365149753
827,0.08546765440075929
828,0.08708414606248419
829,0.08871544422344294
830,0.0903610598990087
831,0.09202113245215052
832,0.09369625320931804
833,0.09538696657228155
