Step,Distance
1,0.8535899560745527
2,0.8534501154393677
3,0.8532404705601564
4,0.8529611489806036
5,0.8526123185733018
6,0.8521942338752706
7,0.8517071444274095
8,0.8511513813558049
9,0.8505273006443125
10,0.8498353207305742
11,0.849075904732079
12,0.8482495603994881
13,0.8473568303013171
14,0.8463983150544302
15,0.8453746745807321
16,0.8442866394216162
17,0.8431349125960398
18,0.84192034495936
19,0.8406437235186083
20,0.8393060825580433
21,0.8379083248079974
22,0.8364515285391296
23,0.8349696349930785
24,0.8334958909608307
25,0.8320302941638213
26,0.8305728676916041
27,0.8291236267758327
28,0.8276827355699935
29,0.8262501854540104
30,0.824825989728263
31,0.8234102055371609
32,0.8220028926805282
33,0.8206041431434554
34,0.8192139768853123
35,0.8178324909870736
36,0.8164597019745382
37,0.81509563311069
38,0.8137403328889432
39,0.8123938247710091
40,0.8110561791786123
41,0.8097274119636386
42,0.8084076118915787
43,0.8070968080596544
44,0.8057950807353012
45,0.8045025081575974
46,0.80321919425884
47,0.801945178568047
48,0.8006804884279187
49,0.7994250927699845
50,0.7981790910585588
51,0.7969425380004673
52,0.7957154540148987
53,0.7944979568290399
54,0.7932900350907549
55,0.7920917264226367
56,0.7909029579931088
57,0.789723862643831
58,0.788554530390003
59,0.7873949438695778
60,0.7862451783494164
61,0.7851053923486023
62,0.78397556129835
63,0.7828558291345091
64,0.7817460953983258
65,0.7806464445914884
66,0.7795569322510645
67,0.7784776652215099
68,0.7774085958497717
69,0.7763498062480657
70,0.7753012739049785
71,0.7742632202626379
72,0.7732355580258213
73,0.7722184328629833
74,0.7712118471011794
75,0.7702156509565907
76,0.7692299955308343
77,0.7682547235130317
78,0.7672899432464143
79,0.7663358391187475
80,0.7653923900047612
81,0.7644596805822509
82,0.7635376696885546
83,0.7626264828607785
84,0.7617262064954609
85,0.7608367401968011
86,0.7599581132014561
87,0.7590904668979529
88,0.7582337994907941
89,0.7573882097402703
90,0.7565538014538618
91,0.755730469963431
92,0.754918471725421
93,0.7541177761624126
94,0.7533284487788031
95,0.7525505365478595
96,0.751783987620468
97,0.7510287985020685
98,0.7502851630343293
99,0.7495530077795326
100,0.7488322451399294
101,0.7481229809965614
102,0.7474253159194992
103,0.7467392087785069
104,0.7460648070112874
105,0.7454021569919169
106,0.7447512130368839
107,0.7441121264464094
108,0.7434848456108649
109,0.7428693323646309
110,0.7422656074035644
111,0.7416737670897537
112,0.7410939590087658
113,0.7405260458163279
114,0.73997015638778
115,0.7394261113518034
116,0.738894157010907
117,0.738374318690832
118,0.7378665741348461
119,0.7373709832730022
120,1.1770939237489793
121,1.1771480380484485
122,1.1772292246517682
123,1.1773375017681735
124,1.1774728935502272
125,1.1776354299806273
126,1.1778251475142794
127,1.1780420896155164
128,1.178286304968929
129,1.1785578472412224
130,1.1788567762800206
131,1.179183157756231
132,1.1795370634431277
133,1.1799185704728747
134,1.1803277620282515
135,1.1807647272652035
136,1.1812295612786703
137,1.1817223659484024
138,1.1822432475751044
139,1.1827923183535547
140,1.1833696969222
141,1.183975506214705
142,1.1845960741189379
143,1.1852176443284197
144,1.1858402155894845
145,1.1864637868808707
146,1.1870883597114628
147,1.187713934793343
148,1.1883405129178342
149,1.1889680935669846
150,1.1895966752468377
151,1.1902262570946802
152,1.1908568386168608
153,1.1914884196228055
154,1.1921209966457869
155,1.1927545645010726
156,1.1933891195577357
157,1.1940246590726296
158,1.1946611799175533
159,1.195298680198478
160,1.1959371580234157
161,1.1965766092595427
162,1.1972170307702803
163,1.1978584202472988
164,1.1985007734134339
165,1.1991440869291188
166,1.1997883583909545
167,1.2004335841488019
168,1.2010797624023635
169,1.2017268890290407
170,1.2023749600161853
171,1.2030239743228435
172,1.2036739298199421
173,1.2043248260949115
174,1.2049766623584235
175,1.2056294352315642
176,1.206283138190979
177,1.2069377596081985
178,1.2075932926221493
179,1.208249737383207
180,1.2089070929437211
181,1.2095653562786617
182,1.210224523473503
183,1.2108845892770101
184,1.211545547226529
185,1.2122073901391732
186,1.2128701106897508
187,1.2135337043009171
188,1.2141981647051265
189,1.214863487280883
190,1.2155296692386455
191,1.2161967075492435
192,1.2168645977513919
193,1.217533335916174
194,1.2182029131732277
195,1.2188733132080303
196,1.2195445315942495
197,1.2202165729178192
198,1.2208894404202242
199,1.2215631270319756
200,1.222237627968334
201,1.222912945493358
202,1.2235890819424797
203,1.2242660336307776
204,1.2249437944013688
205,1.2256223619460578
206,1.2263017290679552
207,1.226981892159555
208,1.2276628479130938
209,1.2283445942134674
210,1.229027132201018
211,1.2297104625695057
212,1.230394586261487
213,1.2310795063834519
214,1.2317652243120478
215,1.2324517364420795
216,1.2331390412646517
217,1.2338271419967755
218,1.2345160372833426
219,1.2352057189214256
220,1.2358961785011247
221,1.236587408472739
222,1.2372794066205628
223,1.23797217325766
224,1.2386657039947349
225,1.23935998841507
226,1.2400550206370744
227,1.2407508004515555
228,1.2414473271227007
229,1.242144599271832
230,1.2428426138080557
231,1.2435413676430993
232,1.244240857691326
233,1.2449410808697516
234,1.2456420340980592
235,1.246343714298616
236,1.2470461183964865
237,1.2477492433194493
238,1.2484530859980123
239,1.2491576433654263
240,1.2498629123577003
241,1.2505688899136163
242,1.2512755729747431
243,1.251982958485452
244,1.2526910433929304
245,1.2533998246471936
246,0.48903929360351106
247,0.4891252681600093
248,0.48925445040282317
249,0.489427141060373
250,0.48964362770114567
251,0.4899044594251198
252,0.4902101267859723
253,0.4905612658768706
254,0.49095844718196824
255,0.49140249170062544
256,0.4918942536751063
257,0.4924327137235527
258,0.49302058873776017
259,0.4936567073135568
260,0.4943442355362933
261,0.4950818555142476
262,0.4958730951339379
263,0.4967164052332074
264,0.49761581171270647
265,0.4985696049496168
266,0.49958215057066907
267,0.5006519836491069
268,0.5017587612731537
269,0.5028751565395776
270,0.5040040242533129
271,0.5051421446993429
272,0.5062923877763953
273,0.5074516625692819
274,0.5086227355599361
275,0.5098024569765818
276,0.5109936736885586
277,0.5121932668241159
278,0.5134040647243365
279,0.5146227423298252
280,0.5158523772674409
281,0.5170896572109116
282,0.5183375421796907
283,0.5195927003185422
284,0.5208581293385645
285,0.5221305215258765
286,0.5234128622838023
287,0.5247017721427978
288,0.5260002862401084
289,0.5273048309041419
290,0.5286186645479207
291,0.5299382218100108
292,0.5312669460051804
293,0.5326009942530194
294,0.5339439430509731
295,0.5352920846838193
296,0.5366486515252493
297,0.5380100720229395
298,0.5393796998649888
299,0.5407539237954578
300,0.5421361101578984
301,0.5435222913930499
302,0.5449159386760716
303,0.5463130871763264
304,0.5477175146739193
305,0.5491250307780458
306,0.5505395518923296
307,0.551956781090059
308,0.5533807596227925
309,0.554806994645639
310,0.5562396602057034
311,0.5576741970998426
312,0.5591146616368028
313,0.560556669787251
314,0.5620045658224878
315,0.5634538765569121
316,0.5649087765545034
317,0.5663644489948387
318,0.567825207158424
319,0.5692863467014394
320,0.5707526488835484
321,0.5722189040830161
322,0.5736901697611243
323,0.5751607354463047
324,0.5766352802909764
325,0.5781084945414479
326,0.5795859445650013
327,0.5810613712452714
328,0.5825403925772535
329,0.5840170958045433
330,0.5854970118281992
331,0.5869732284416892
332,0.5884525888938964
333,0.5899274625704831
334,0.5914051688755196
335,0.592878622019363
336,0.5943548060256423
337,0.5958256620743002
338,0.5972981007026389
339,0.5987642064410843
340,0.6002318914754788
341,0.6016929586051453
342,0.6031548430109857
343,0.604608526045402
344,0.6060626896293643
345,0.6075073113970398
346,0.6089523101832502
347,0.6103869639084519
348,0.6118216649545865
349,0.6132447446998991
350,0.6146662393987116
351,0.6160745229038429
352,0.6174815561513725
353,0.6188758476879184
354,0.6202681787384879
355,0.6216449014301552
356,0.6230183580306653
357,0.624375042451255
358,0.6257288249741073
359,0.6270632207358939
360,0.6283923002779312
361,0.6297008426973587
362,0.6310033224491892
363,0.6322818009992279
364,0.6335513457207187
365,0.634795069935102
366,0.6360297581845831
367,0.6372359871658728
368,0.6384364086227996
369,0.6396100723501446
370,0.6407742649905059
371,0.6419039860910213
372,0.6430225843092633
373,0.6441123153664882
374,0.6451935118188509
375,0.6462419032433535
376,0.6472745205933123
377,0.6482674486758889
378,0.6492422249064176
379,0.650183695675317
380,0.6511071653248112
381,0.6519937371783004
382,0.6528590131240855
383,0.6536936864229054
384,0.6545117337648213
385,0.655306872183355
386,0.6560790187834732
387,0.656829203602355
388,0.6575552669479128
389,0.6582689781031497
390,0.6589618102106235
391,0.659645849042072
392,0.6603088244023614
393,0.6609724844526346
394,0.661611326898001
395,0.6622509367757071
396,0.6628733354432826
397,0.6635022987729556
398,0.66411963109654
399,0.6647521609619726
400,0.6653734615384482
401,0.6660099666617442
402,0.6666354810939529
403,0.6672775820093306
404,0.09903453535975937
405,0.09924643329828224
406,0.09956634264054551
407,0.09999568586959594
408,0.10053591293350245
409,0.10118849199978458
410,0.10195489791597177
411,0.10282864921142143
412,0.10381221436625034
413,0.10490291400529334
414,0.10610400286518398
415,0.1074124768510072
416,0.10883159483483767
417,0.11035829495923914
418,0.11199617674267892
419,0.11374194434089978
420,0.11559919450337523
421,0.11756461423800321
422,0.11964192370976218
423,0.12122709796731251
424,0.1226280218976681
425,0.12413185722397381
426,0.12570652906697388
427,0.12731662700191437
428,0.12896055139189197
429,0.13063678128782766
430,0.1323438502622129
431,0.13408036121939604
432,0.13584497072193313
433,0.13763639528189306
434,0.1394534034610679
435,0.14129482761081744
436,0.14315954969828965
437,0.14504651054299553
438,0.14695469117236354
439,0.14888312741870846
440,0.150830895720255
441,0.1527971211293782
442,0.15478096899366217
443,0.15678165231861393
444,0.15879841898313918
445,0.1608305539659028
446,0.16287737311656258
447,0.16493823283190281
448,0.16701251866590539
449,0.16909964644343833
450,0.17119905873691332
451,0.17331023000916768
452,0.17543265638516045
453,0.17756585780121314
454,0.17970937601450918
455,0.18186277428136857
456,0.18402563351208273
457,0.18619755645986596
458,0.1883781643898627
459,0.19056709786323509
460,0.19276401163769372
461,0.1949685792020141
462,0.1971804868123348
463,0.19939943681020855
464,0.20162514320243963
465,0.2038573340039045
466,0.20609575095302204
467,0.20834014680142557
468,0.21059028245752306
469,0.21284592997760599
470,0.21510686961580172
471,0.2173728918851544
472,0.2196437975225175
473,0.22191940087131162
474,0.22419952304388852
475,0.22648399415476628
476,0.22877265027802418
477,0.23106533572614807
478,0.2333619011438146
479,0.23566220515804698
480,0.23796611168340712
481,0.24027348897944265
482,0.24258421022312013
483,0.24489815379896193
484,0.24721520073286765
485,0.2495352381259608
486,0.251858159327271
487,0.2541838656269092
488,0.2565122606468732
489,0.25884325113213275
490,0.2611767474935227
491,0.26351266967978126
492,0.2658509417303352
493,0.2681914913686774
494,0.2705342476394816
495,0.2728791425459232
496,0.27522611042054285
497,0.2775750924268571
498,0.279926031825128
499,0.28227887365373344
500,0.2846335629992617
501,0.28699004977977083
502,0.28934828552482394
503,0.2917082259053859
504,0.2940698292279109
505,0.2964330580361291
506,0.29879787670273655
507,0.30116425213572023
508,0.3035321498247146
509,0.30590153904808204
510,0.3082723920082443
511,0.31064468370303866
512,0.31301838945119237
513,0.3153934864591104
514,0.3177699530358655
515,0.32014777015675117
516,0.32252691932684907
517,0.3249073842728795
518,0.32728914910342927
519,0.3296721974560313
520,0.3320565157158345
521,0.3344420931249062
522,0.3368289181846504
523,0.3392169807779837
524,0.3416062706381375
525,0.3439967762453967
526,0.3463884858912452
527,0.34878138691112215
528,0.35117546662816684
529,0.3535707139534091
530,0.355967118403919
531,0.3583646701923423
532,0.36076335928582326
533,0.3631631759732632
534,0.3655641108482504
535,0.36796615424614687
536,0.370369297141161
537,0.37277353088136717
538,0.37517884768983895
539,0.3775852405249912
540,0.379992702162241
541,0.38240122599398063
542,0.38481080572409465
543,0.38722143443167506
544,0.389633104637762
545,0.3920458089554613
546,0.39445954064382555
547,0.39687429366030663
548,0.39929006247690885
549,0.4017068415060999
550,0.40412462448917563
551,0.40654340629479646
552,0.40896318180802527
553,0.41138394588799804
554,0.4138056936118264
555,0.41622842033599955
556,0.41865212240031824
557,0.4210767961187538
558,0.42350243710235314
559,0.42592904205230625
560,0.4283566077696761
561,0.4307851310184249
562,0.433214608847913
563,0.4356450381146428
564,0.4380764166385813
565,0.44050874236573173
566,0.4429420124113961
567,0.44537622304360563
568,0.4478113703985464
569,0.4502474517526248
570,0.4526844646010284
571,0.4551224056810041
572,0.4575612718429702
573,0.4600010598000279
574,0.4624417659372892
575,0.4648833861127475
576,0.46732591673736207
577,0.4697693548262012
578,0.47221369706814265
579,0.4746589402654541
580,0.4771050808098672
581,0.47955211521830504
582,0.48200004042507655
583,0.48444885399487286
584,0.4868985540248648
585,0.48934913764327126
586,0.49180060154800753
587,0.49425294328868086
588,0.4967061605191592
589,0.4991602510345242
590,0.5016152127054309
591,0.5040710431641213
592,0.5065277394398046
593,0.5089852972173822
594,0.5114437116854762
595,0.5139029777161584
596,0.5163630906997195
597,0.5188240460540735
598,0.5212858392248354
599,0.5237484655444873
600,0.5262119200397651
601,0.5286761973113301
602,0.5311412905423686
603,0.5336071931659023
604,0.536073899363355
605,0.5385414033895931
606,0.5410096992853115
607,0.5434787810765364
608,0.5459486432919874
609,0.5484192804845684
610,0.550890686718148
611,0.5533628555218477
612,0.5558357803840058
613,0.5583094559382912
614,0.5607838764303368
615,0.5632590356516026
616,0.5657349271631887
617,0.5682115437543165
618,0.5706888785069761
619,0.5731669245025135
620,0.5756456743866586
621,0.578125120408456
622,0.5806052540975412
623,0.5830860665978477
624,0.585567549816123
625,0.5880496964898
626,0.5905324985705545
627,0.5930159473253082
628,0.5955000339009736
629,0.5979847489079969
630,0.6004700826270158
631,0.6029560259645729
632,0.6054425701010493
633,0.6079297055416404
634,0.610417422286659
635,0.6129057099138215
636,0.615394557768843
637,0.6178839548339906
638,0.6203738901231701
639,0.6228643530396479
640,0.6253553330094991
641,0.6278468179924248
642,0.630338795345905
643,0.6328312522430347
644,0.6353241762348909
645,0.637817554994035
646,0.6403113757050198
647,0.6428056252515658
648,0.6453002901896906
649,0.6477953572618073
650,0.6502908134794064
651,0.6527866451265437
652,0.6552828379925313
653,0.6577793776326715
654,0.660276249647508
655,0.6627734389994183
656,0.6652709303124714
657,0.6677687078273815
658,0.6702667554967954
659,0.6727650570251313
660,0.6752635958609645
661,0.6777623553656296
662,0.6802613187534493
663,0.6827604686824285
664,0.6852597874676588
665,0.6877592570509645
666,0.6902588589731431
667,0.6927585747063965
668,0.695258385704178
669,0.6977582728130604
670,0.7002582166410894
671,0.7027581974982139
672,0.7052581954399039
673,0.7077581902752447
674,0.7102581615988387
675,0.7127580886997069
676,0.7152579507663485
677,0.7177577267326963
678,0.7202573954376076
679,0.7227569356498751
680,0.7252563260615804
681,0.7277555454635408
682,0.730254572790403
683,0.7327533869924537
684,0.7352519674785035
685,0.7377502935652694
686,0.7402483440169978
687,0.7427460973384553
688,0.7452435322485995
689,0.7477406278120333
690,0.7502373635168413
691,0.7527337181084152
692,0.7552296688054202
693,0.7577251922995224
694,0.7602202651341539
695,0.7627148626635226
696,0.765208960757458
697,0.7677025353446492
698,0.7701955608972058
699,0.7726880112831098
700,0.7751798602242372
701,0.777671080753379
702,0.7801616475269841
703,0.7826515350440877
704,0.7851407171966701
705,0.7876291676669092
706,0.7901168588449626
707,0.7926037621106594
708,0.795089847951836
709,0.5289877248369105
710,0.5288493758547248
711,0.5286420272576077
712,0.5283659352300459
713,0.5280214545507432
714,0.527609013027901
715,0.5271291257243943
716,0.5265823931145344
717,0.5259695069804158
718,0.5252912542354248
719,0.5245485177632186
720,0.5237422787376556
721,0.5228736203860141
722,0.5219437289904627
723,0.5209538990129702
724,0.5199055351223274
725,0.5188001626475929
726,0.5176394228030259
727,0.516425086889811
728,0.5151590588349702
729,0.5138433832113982
730,0.5124802402338627
731,0.5111024010150603
732,0.5097412469652054
733,0.508397004176574
734,0.507069899250487
735,0.5057601610612605
736,0.5044680209948273
737,0.5031937178074604
738,0.5019374921832734
739,0.5006995949232199
740,0.49948027648916576
741,0.49827979589575966
742,0.49709840906895386
743,0.4959363802543022
744,0.4947939782889366
745,0.4936714825677737
746,0.4925691719501617
747,0.49148733951643536
748,0.49042627759151347
749,0.48938628826146174
750,0.48836767833021894
751,0.4873707624877321
752,0.48639585418713105
753,0.48544327999581177
754,0.48451336532702904
755,0.4836064481676769
756,0.48272286720429597
757,0.4818629634718431
758,0.48102707674714823
759,0.4802155604876696
760,0.47942877463926475
761,0.47866709259878365
762,0.47793087271086115
763,0.4772204764072002
764,0.4765362704331839
765,0.4744831159879361
766,0.473672446787476
767,0.47289807102843967
768,0.47215099607140454
769,0.47144201295578125
770,0.47076145816323217
771,0.4701208585618762
772,0.46950991672162307
773,0.4689412851325663
774,0.46840315177223213
775,0.46790902100437354
776,0.46744670137474276
777,0.46703013629986245
778,0.46664635981029523
779,0.4663101037987658
780,0.46600691430576446
781,0.4657527121911796
782,0.46553309935445336
783,0.46536261890177405
784,0.46522762900536946
785,0.46513937006611766
786,0.46508739331911586
787,0.46507988881964896
788,0.46510908393004824
789,0.4651809367207379
790,0.4652901493046389
791,0.4654393468307548
792,0.46562601196886627
793,0.465850933786769
794,0.4661131025247388
795,0.4664106429142319
796,0.4667453028090879
797,0.46711407278344796
798,0.4675199064118798
799,0.4679578696617481
800,0.46843220656176304
801,0.4689360729478461
802,0.4694760118044965
803,0.4700433490291739
804,0.4706457600262913
805,0.47127308063012446
806,0.4719348253309219
807,0.47262024630566996
808,0.47333896246572
809,0.4740822682643241
810,0.4748578118426377
811,0.4756640221323473
812,0.47650303130023175
813,0.4773779610969452
814,0.47828475559885153
815,0.47923116152140116
816,0.48020873882244736
817,0.4812268041535879
818,0.4822768420455177
819,0.4824708515691941
820,0.482698803645027
821,0.482961897261034
822,0.48326023402169954
823,0.4835938912812672
824,0.48396296310589804
825,0.4843675390287682
826,0.484807662022459
827,0.4852833303697507
828,0.4857945596284486
829,0.48634133005729974
830,0.48692364568471586
831,0.48754148865373614
832,0.4881947147800866
833,0.48888315153694517
834,0.48960664820506594
835,0.4903650374223594
836,0.49115821717884856
837,0.49198605025725256
838,0.49284827842987694
839,0.4937446402234046
840,0.4946749151331971
841,0.49563890234875874
842,0.49663641376708406
843,0.4976672063295637
844,0.49873102370774275
845,0.4998275493430889
846,0.5009564402491564
847,0.5021173266171359
848,0.5033098439973653
849,0.5045335169792832
850,0.5057879189476494
851,0.5070726305619624
852,0.5083871403522682
853,0.5097308218617834
854,0.5111031210349022
855,0.5125034503884708
856,0.5139312219796457
857,0.5133082013423036
