Step,Distance
1,0.08855220766867351
2,0.08865863494092614
3,0.08881900360608619
4,0.08903412685243559
5,0.08930501652601636
6,0.08963284303876036
7,0.09001889380500526
8,0.09046453052349261
9,0.0909711859168919
10,0.09154068510476181
11,0.09217491894245854
12,0.09287538264749465
13,0.093643446918527
14,0.09448031415953985
15,0.09538697553471757
16,0.09636416894548462
17,0.09741346025666386
18,0.09853756863223169
19,0.09973811120730516
20,0.1010152152093743
21,0.1023685971073314
22,0.10379752777351972
23,0.1052680316541553
24,0.10674509193523961
25,0.10822609738705749
26,0.10970847524104826
27,0.11118968096996835
28,0.11266718806500206
29,0.11413847785078234
30,0.11560102936745185
31,0.1170523093395254
32,0.11848976224415378
33,0.11991080048622144
34,0.12131279468434071
35,0.12269306407009509
36,0.12404886700273175
37,0.12537833861978437
38,0.12668084825912915
39,0.1279560924490166
40,0.12920377475153397
41,0.13042360575616213
42,0.13161530307791086
43,0.13277859135944126
44,0.1339132022766464
45,0.13501887454722156
46,0.13609535394180075
47,0.13714239329728348
48,0.13816110079240818
49,0.13915124272789714
50,0.14011124064692504
51,0.13363542919001192
52,0.13521727023934893
53,0.13674105154039806
54,0.13820543467540536
55,0.13960913339916947
56,0.1409509147688186
57,0.14222960022677011
58,0.14344406663591924
59,0.1445932472661502
60,0.14567613273130198
61,0.1466917718757651
62,0.14763927260993215
63,0.14851882677211903
64,0.14932968066717078
65,0.15007010190825043
66,0.1507394401441995
67,0.1776666897528345
68,0.17744451357635474
69,0.17711124877103912
70,0.17666689348429207
71,0.1761114439470326
72,0.17544489403921926
73,0.1746672352032197
74,0.17377845691719185
75,0.1727785479944819
76,0.1716674990311413
77,0.1704453063825062
78,0.16911197811187595
79,0.16766754242012727
80,0.16611205913505955
81,0.16444563491371644
82,0.16266841107457108
83,0.16078053339918008
84,0.1587821524775892
85,0.15667341590906747
86,0.1544544598190598
87,0.15212539997744856
88,0.14968632284525363
89,0.14719268160413468
90,0.14469981414475064
91,0.14220758662966015
92,0.1397158432466199
93,0.13722441220246728
94,0.13473311166245172
95,0.13224175565514829
96,0.1297501599631623
97,0.12725814801986046
98,0.1247655568323549
99,0.12227224295090822
100,0.11977808850482807
101,0.11728300732476772
102,0.11478695117114124
103,0.11228991608809034
104,0.10979194890208889
105,0.10729315388383152
106,0.10479374485132809
107,0.10229396881640596
108,0.09979400559475993
109,0.09729404140256959
110,0.09479432723171577
111,0.09229518590319397
112,0.08979692606178413
113,0.08729986499015596
114,0.08480445699945749
115,0.08231124321658623
116,0.07982064526555654
117,0.07733285427809289
118,0.07484797701785473
119,0.07236604335713714
120,0.06988701349291926
121,0.06741078492123265
122,0.06493719918956109
123,0.06246604844758474
124,0.05999708181705099
125,0.05753036721187499
126,0.05506596710586242
127,0.05260382632082838
128,0.050144282310357946
129,0.047687842254936275
130,0.045234617206448835
131,0.04278472314108406
132,0.04033874489650624
133,0.03789732143647151
134,0.03546063147398426
135,0.03302832489827856
136,0.030600002421962147
137,0.028175221817518418
138,0.025753503974421447
139,0.02333433880046809
140,0.020917190991024626
141,0.018501505689952902
142,0.016086714066023466
143,0.01367223882863966
144,0.011257499706715189
145,0.008841918914546332
146,0.006424926628529891
147,0.0040059664985696575
148,0.0015845012180122353
149,0.0008399818240596435
150,0.003267964784367416
151,0.005699893477043361
152,0.008136171331593944
153,0.010577153173609188
154,0.01302313880475059
155,0.015474366358748659
156,0.017931005410428913
157,0.02039314981516327
158,0.022860810256650543
159,0.02533355976742024
160,0.027810645016537624
161,0.030291687515085153
162,0.032776574850315265
163,0.035265102196654574
164,0.03775696420882069
165,0.04025174658407771
166,0.042748805850231
167,0.045247411193204634
168,0.04774694319703343
169,0.05024688554030088
170,0.052746816963281214
171,0.055246403494906504
172,0.05774539092690235
173,0.060243597520935444
174,0.06274090693337864
175,0.06523726134126706
176,0.06773265475216861
177,0.07022712647999918
178,0.07272075476824091
179,0.07521365054157281
180,0.07770577242330168
181,0.08019689135154051
182,0.08268674452731761
183,0.08517502901957608
184,0.08766163508085234
185,0.09014669946480836
186,0.09263013615427784
187,0.09511158582034773
188,0.09759064238496729
189,0.10006684640224606
190,0.10253967831298925
191,0.1050085515602346
192,0.10747280555463501
193,0.1099316984798091
194,0.11238439992929729
195,0.11482998336852712
196,0.11726741841728172
197,0.11969556295058026
198,0.12211315501872022
199,0.12451932897997488
200,0.12691390320328466
201,0.1292969613428614
202,0.13166791507157938
203,0.13402536696262102
204,0.1363686726494644
205,0.11858291883616442
206,0.11993389666046053
207,0.1214018089918941
208,0.12298507147815109
209,0.12468177660995686
210,0.12639917629471992
211,0.12813428655145517
212,0.12988437688342885
213,0.1317308317629655
214,0.1335882384408472
215,0.13545439320432523
216,0.07946409071661059
217,0.07767322377103826
218,0.07592037959995311
219,0.07420512425109477
220,0.07252710265670236
221,0.07088604256006092
222,0.06928175858404768
223,0.5350491204547808
224,0.5349798337999203
225,0.5348816165720184
226,0.534758484098998
227,0.5346146619022787
228,0.5344546316461495
229,0.5342831787730629
230,0.5341054418839576
231,0.5339269638750325
232,0.5337537447774741
233,0.5335922961611104
234,0.533449696852927
235,0.5333336495823797
236,0.533252537992531
237,0.5332154832438034
238,0.5332323991799002
239,0.5333140447173916
240,0.5334720717560412
241,0.5337190664812388
242,0.5340685814392487
243,0.5345351552086582
244,0.5350843811346387
245,0.5357609148187723
246,0.5364525503970896
247,0.5371564964479998
248,0.5379713553029515
249,0.5388999702455443
250,0.5399450508611138
251,0.5410035506010324
252,0.5420728290413822
253,0.5431503805589023
254,0.5442338204525088
255,0.545320871837772
256,0.5464093532719907
257,0.5474971670671166
258,0.5485822882480692
259,0.5496627541147879
260,0.5507366543675758
261,0.5518021217568299
262,0.5528573232200206
263,0.5539004514707442
264,0.5549297170067667
265,0.5559433405061724
266,0.556939545583009
267,0.5579165518761495
268,0.5588725684474816
269,0.5598057874679521
270,0.5607143781724804
271,0.5615964810672712
272,0.5624502023756512
273,0.5633580684603325
274,0.5642375861857085
275,0.5650868348540193
276,0.5659038482030829
277,0.5667705620316065
278,0.5676050739566055
279,0.5684345901610839
280,0.5692292881057996
281,0.5700707906166668
282,0.5709609866889922
283,0.5539799773296563
284,0.5540437689877626
285,0.5540778752094709
286,0.5541695974920445
287,0.5543212094036041
288,0.5545349999238632
289,0.5548132699193392
290,0.5551583278925267
291,0.555572484968185
292,0.5559674844639817
293,0.5563412335379813
294,0.5566916345713468
295,0.5570165798371483
296,0.5573139464493175
297,0.5576707517385895
298,0.5579999717191206
299,0.5583885135432637
300,0.5588385448429669
301,0.5593522288826979
302,0.5599317198619602
303,0.5605791574740653
304,0.5612966606867313
305,0.5620863207082694
306,0.5629501931013458
307,0.5638902890045857
308,0.5649085654205754
309,0.5660069145271054
310,0.5671871519667586
311,0.5684510040681598
312,0.5698000939502987
313,0.17766668984312073
314,0.17744451442711018
315,0.17711125308776032
316,0.17666690929952145
317,0.17611148943585064
318,0.17544500407427766
319,0.1746674698277797
320,0.17377891196019557
321,0.17277936809956862
322,0.1716688934221413
323,0.17044756774170988
324,0.1691155050046096
325,0.16767286576013296
326,0.1661198732499849
327,0.1644568338386303
328,0.1626841625890625
329,0.1608022926854502
330,0.15881160620695556
331,0.1567125365705777
332,0.15450553303468095
333,0.15219099549020632
334,0.1497692949124949
335,0.1472956915010062
336,0.14482510839097196
337,0.14235765912415532
338,0.13989372488138518
339,0.13743378024437414
340,0.13497846816151804
341,0.13252807665642896
342,0.1300825355712203
343,0.1276421916797632
344,0.12520733189393152
345,0.12277772386762797
346,0.12035358980550304
347,0.11793571968856531
348,0.11552435376910442
349,0.11311910243916935
350,0.11072016907872984
351,0.10832842706377699
352,0.1059448207686926
353,0.10357037247784473
354,0.10120618940898905
355,0.09885347084969022
356,0.09651351540560693
357,0.09418772835674649
358,0.09187762911464349
359,0.08958485876977872
360,0.08731013282687217
361,0.08505309502509517
362,0.08281328308939462
363,0.043959350825580924
364,0.04332641003282673
365,0.04283027712924376
366,0.04247130182904952
367,0.0422487701762346
368,0.04216086582243031
369,0.04220468281985517
370,0.04237628933823021
371,0.0426708364085639
372,0.04308270148706661
373,0.04360565401957963
374,0.04423302953948912
375,0.04495789997182713
376,0.045773230238832174
377,0.04667201432687692
378,0.04764738708345571
379,0.04869271072721629
380,0.0498016371340642
381,0.05096814834616551
382,0.05219560028894551
383,0.05354247905408422
384,0.055001643930573565
385,0.05656605851693011
386,0.058228899165295195
387,0.05993136179979858
388,0.06171997878052995
389,0.06358904192655986
390,0.06553319862389441
391,0.06754745246833833
392,0.06957104479400854
393,0.07160187948580941
394,0.07363808586596035
395,0.0757292677801773
396,0.07782234544564659
397,0.07996451480484254
398,0.08215308578863571
399,0.08438553678480631
400,0.08663969255191081
401,0.08888974326357392
402,0.09113507282385606
403,0.09337509655285474
404,0.09564936009662953
405,0.09795637731153824
406,0.10029471396045445
407,0.8535870159015443
408,0.8534359657410344
409,0.8532049719386745
410,0.8528910309093859
411,0.8524910616564346
412,0.8520018810043442
413,0.8514201809756894
414,0.850742508493772
415,0.8499652476783045
416,0.8490846050985631
417,0.8480965984602293
418,0.8469970493309303
419,0.8457815806582716
420,0.8444883954806454
421,0.8431163995173314
422,0.8416706700298596
423,0.8401290956464756
424,0.8385163812073764
425,0.8368349343782936
426,0.8350519946625659
427,0.8331745139931125
428,0.8311679491926567
429,0.8290737915089645
430,0.8270008861831982
431,0.824950100019646
432,0.8229223716452999
433,0.8209187176180194
434,0.8188782975798226
435,0.8167999136526208
436,0.8146824673105092
437,0.8125249687912758
438,0.8103265475961668
439,0.8080864641588962
440,0.8058041227700957
441,0.8034925485917789
442,0.801138402815822
443,0.7987415447213149
444,0.7963020361007145
445,0.7938783115697978
446,0.7914704339420884
447,0.7890785024205138
448,0.786702659405204
449,0.7843430971048432
450,0.7820000639951059
451,0.779673871163281
452,0.777345187765733
453,0.7749844681348568
454,0.7725943396248269
455,0.7702167067466831
456,0.7678551128808986
457,0.7655098562878342
458,0.7631813123211649
459,0.7608517224073047
460,0.7584944848481248
461,0.7561413311313613
462,0.7538046189025394
463,0.7514478438633954
464,0.749107372972996
465,0.746755705992062
466,0.744378375856742
467,0.7419804178651868
468,0.7395975914091076
469,0.7372302065135758
470,0.7348385343846916
471,0.7324619903686983
472,0.7300924048084748
473,0.7277385072597106
474,0.7254008196015413
475,0.7230799697134449
476,0.7207766980322503
477,0.7184918642547107
478,0.7162264541934171
479,0.7139815867898617
480,0.7117199479297701
481,0.7094404324039293
482,0.7071420260357163
483,0.7048238117241338
484,0.7024849761666386
485,0.7001248173097978
486,0.697755247265754
487,0.6953876113541922
488,0.6930286456500063
489,0.6906486488431065
490,0.688247128455064
491,0.6858601277963114
492,0.6834880524630802
493,0.6811314121160831
494,0.6787908270609747
495,0.6764670349957367
496,0.6741552977788811
497,0.6718263070667516
498,0.6694792056563174
499,0.6671132424251736
500,0.6647375155161096
501,0.6623770501465988
502,0.6599976884804393
503,0.6575988617025686
504,0.6551801277038359
505,0.6527411806643694
506,0.6502818615356052
507,0.6478021694761753
508,0.6453022742978324
509,0.6427825299780517
510,0.6402434892957202
511,0.6376859196452045
512,0.6351258670378132
513,0.6325667925484268
514,0.6299918878614512
515,0.6274024438991418
516,0.6248110454315822
517,0.6222243840462901
518,0.619635502292909
519,0.6170401202750175
520,0.6144536820770663
521,0.6118785160093017
522,0.6093136748900382
523,0.6067582658136756
524,0.6042114548293116
525,0.6016724716644993
526,0.5991406145377985
527,0.5966152551013107
528,0.5940958435522402
529,0.5915819139505828
530,0.5890730897782961
531,0.5865690897736713
532,0.5840697340730593
533,0.5815749506905465
534,0.5790847823645566
535,0.576599393798627
536,0.5741091644451681
537,0.5716212753800441
538,0.569128472073263
539,0.5666402812318012
540,0.5641472309211154
541,0.5616492214745986
542,0.5591464623657207
543,0.5566389568101016
544,0.5541335264806294
545,0.5516237943984823
546,0.5491101851586337
547,0.5465986260938455
548,0.5440906779007351
549,0.5415795672073118
550,0.5390658599635165
551,0.5365555878945102
552,0.5340482700125871
553,0.5315435213804061
554,0.5290410593395577
555,0.5265364702974532
556,0.5240300989906104
557,0.5215258517995311
558,0.5190202285572068
559,0.5165143238140804
560,0.5140102915613454
561,0.511505766489622
562,0.5090015154038333
563,0.5064990046587696
