Step,Distance
1,0.7743194273261865
2,0.7742337033259781
3,0.7741106240945496
4,0.7739539472207961
5,0.7737492861458043
6,0.7735149824759805
7,0.7732294475835291
8,0.7728890280144598
9,0.7724899237953716
10,0.7720281539744744
11,0.7714995230588142
12,0.7708995884347484
13,0.7702236289232118
14,0.7694666146981465
15,0.7686231788880452
16,0.7676875912897596
17,0.766653734753994
18,0.7655836568600182
19,0.7645388855666235
20,0.7635068545051115
21,0.7624345497906664
22,0.7613206237808605
23,0.7601637441402823
24,0.7589625971252337
25,0.7577840846973696
26,0.7566291025501392
27,0.7554985799539898
28,0.7543270686496043
29,0.7531132809750323
30,0.7519228127366169
31,0.7507565708802293
32,0.7496154999086857
33,0.7485005845886801
34,0.7474128525305077
35,0.746353376644696
36,0.7453232774776736
37,0.7443237254266553
38,0.7433559428319811
39,0.7424212059432114
40,0.7415208467533175
41,0.7406562546933239
42,0.7398288781777272
43,0.7390402259889263
44,0.7382273811411816
45,0.7373889392175537
46,0.7365880203968932
47,0.7357614479337969
48,0.7349078234408805
49,0.7340654258292744
50,0.7332596983716685
51,0.7324921143067762
52,0.7317642052989244
53,0.731077562464436
54,0.7304338371924316
55,0.7298347417408707
56,0.7292820495862405
57,0.7287775955027844
58,0.7283232753445024
59,0.7279210455003977
60,0.727572921990526
61,0.7272809791673404
62,0.7269770495736779
63,0.7267296648858291
64,0.7265409360741526
65,0.7263413768418556
66,0.7261294739511164
67,0.7259037338678843
68,0.7256626793955806
69,0.7254753706910794
70,0.7252726199675287
71,0.7250529703011752
72,0.7248149742622493
73,0.7245571911544845
74,0.7243484471618538
75,0.7241905030647252
76,0.7240851599864585
77,0.7240342577509566
78,0.7239970262469322
79,0.723943626201876
80,0.7238763739823
81,0.7237902581826365
82,0.7237486453677022
83,0.7237566608339051
84,0.7237466912623305
85,0.7237173359645501
86,0.7236671953527053
87,0.7235948682143647
88,0.7234989491754885
89,0.7233780263478308
90,0.7232306791586797
91,0.7230554763624983
92,0.7228509742357079
93,0.7226157149576162
94,0.7224192483820487
95,0.7222630176103036
96,0.7220774731192608
97,0.7219321884874773
98,0.7218286329271865
99,0.7217683025052558
100,0.7217527197418597
101,0.7217834329235013
102,0.7217904279617078
103,0.7217723102707295
104,0.7217276738740662
105,0.7217263366936941
106,0.721769807354603
107,0.721788134589466
108,0.7217799185183806
109,0.7217437447570396
110,0.7216781824279314
111,0.7216530278046801
112,0.7216697318877998
113,0.7217297668680323
114,0.7217632395138884
115,0.7218362964333086
116,0.7219540148056913
117,0.722117899432766
118,0.7223294727820093
119,0.7225310097128153
120,0.7227090309102007
121,0.7228621808945364
122,0.7230604580884253
123,0.7233053510027521
124,0.7235983619126973
125,0.7239410050721099
126,0.724334804569658
127,0.7247812918045938
128,0.7252093251226405
129,0.7256176439805686
130,0.7260768776712726
131,0.726516368378827
132,0.7269348596907705
133,0.7274025361847475
134,0.7278492013704514
135,0.728273597594058
136,0.7286744518527966
137,0.7290504729758807
138,0.7294003489506083
139,0.7297227443886974
140,0.7300162981295292
141,0.7302796209786192
142,0.7305112935813314
143,0.7307098644336049
144,0.7308738480333128
145,0.7310725054554662
146,0.7313071804485424
147,0.7315792227069505
148,0.7318899877674563
149,0.7322408366363523
150,0.7325628787593188
151,0.7329249564173409
152,0.7333037432966987
153,0.7336541580162522
154,0.7339748311106231
155,0.7342643621621329
156,0.7345213177167916
157,0.7348145025843419
158,0.7350751177243683
159,0.7353016952250019
160,0.7354927302535782
161,0.7356466793828103
162,0.7357619590694747
163,0.7358369442966237
164,0.7359415505436788
165,0.7360539724493812
166,0.7361266190720585
167,0.7362200830537571
168,0.7363446499538646
169,0.7365016492983651
170,0.7366924150941716
171,0.7369182863918886
172,0.7371101355078347
173,0.737266456368953
174,0.7373857057220052
175,0.7374663016670302
176,0.7375066223599454
177,0.7375050048980984
178,0.7374597444053425
179,0.7373690933362763
180,0.7372312610226495
181,0.7370444134886631
182,0.7368066735660429
183,0.7365161213443726
184,0.7361707949973263
185,0.7357686920312047
186,0.7353077710086409
187,0.7348644107510214
188,0.7344398923992751
189,0.7340354870352336
190,0.7336524593237055
191,0.7332920708553332
192,0.732955583206694
193,0.7326442607315998
194,0.7323593730951982
195,0.7320288003656044
196,0.7317246832784082
197,0.7314482951566481
198,0.7312009196219855
199,0.730983852421604
200,0.7307984030246439
201,0.7306458959897049
202,0.730527672103154
203,0.7304450892862349
204,0.7303995232672617
205,0.7303923680134936
206,0.7304250359156106
207,0.7304989577160409
208,0.7306155821707268
209,0.7307763754321979
210,0.7309828201401424
211,0.7312364142038983
212,0.7315386692595155
213,0.7318911087822018
214,0.7322952658330689
215,0.7326801710411239
216,0.7331166804318355
217,0.7336063141745958
218,0.7341505943476436
219,0.7347510413789046
220,0.7354091700160467
221,0.7361135921036123
222,0.7368781096957512
223,0.7376884335723349
224,0.7385610559608581
225,0.7394973899830901
226,0.7404988115698997
227,0.741566651649669
228,0.7427021875764838
229,0.7439066337445679
230,0.7451811313312721
231,0.7465267371064337
232,0.7479444112409794
233,0.7494262836132228
234,0.7509814425569272
235,0.7525295735544623
236,0.7541488766469658
237,0.7557602702159899
238,0.7573630434830501
239,0.758980637199251
240,0.7606631400453066
241,0.7624108048779936
242,0.7642237294027575
243,0.7661018398823298
244,0.7680448735412685
245,0.7700523595700242
246,0.7721235986238676
247,0.7741814844715592
248,0.7762258654893307
249,0.778311868207662
250,0.7803835093772208
251,0.7824408043791409
252,0.7844838023983715
253,0.7865125784699303
254,0.7885272263176615
255,0.7905278518883488
256,0.7925145674949539
257,0.7944874864923691
258,0.7964467184175693
259,0.798392364533538
260,0.8003245137229502
261,0.8022432386834303
262,0.8041485923813446
263,0.8060406047256394
264,0.8079192794272384
265,0.8097845910130701
266,0.8116364819669113
267,0.8134748599720226
268,0.8152995952329816
269,0.8171105178563122
270,0.8189074152714142
271,0.8206900296750287
272,0.8224580554839805
273,0.8242111367823178
274,0.8259488647501828
275,0.8276707750628535
276,0.8293763452493975
277,0.8310649920013096
278,0.8327360684223377
279,0.834388861211531
280,0.8360225877722905
281,0.8376373013397973
282,0.8392699623375547
283,0.840882688690225
284,0.8425134069119751
285,0.8441599137892365
286,0.8457871438575144
287,0.8474330477726638
288,0.8490983743497776
289,0.850783820829448
290,0.8524900310524467
291,0.8542175933586864
292,0.8559288830997577
293,0.8576233158005925
294,0.8593013254194208
295,0.8609611573983408
296,0.8626020298855863
297,0.8642230881648144
298,0.8658234015836639
299,0.8674019603891906
300,0.8689576724660868
301,0.8705286973288304
302,0.8720853963807529
303,0.8736579507447709
304,0.5009114269484801
305,0.5006896104109119
306,0.5003572240782772
307,0.4999145039950372
308,0.49936170568710986
309,0.49869911797105626
310,0.4979253863461831
311,0.497040261865625
312,0.4960445851366416
313,0.49493713705978676
314,0.49371762640452704
315,0.49238576325407474
316,0.4909445220556638
317,0.4893942286375998
318,0.4877352956218165
319,0.4859682558658668
320,0.48409380223169346
321,0.48211283457166765
322,0.48013626684651395
323,0.478164838136051
324,0.4761994093612773
325,0.4742409700955666
326,0.47229064575020274
327,0.47034970513490415
328,0.4684099678146215
329,0.4664806316775927
330,0.4645631592509515
331,0.46265917336947965
332,0.4607704657201754
333,0.45889900569712133
334,0.4570469495382379
335,0.4552002773712658
336,0.45335767505597163
337,0.4515178718441151
338,0.44967964029970936
339,0.4478417963558988
340,0.446003199522956
341,0.4441627532617579
342,0.44233989531739343
343,0.44053627514763716
344,0.43873143641932844
345,0.43692423637155764
346,0.4351367176663337
347,0.43337060766101143
348,0.431627788884311
349,0.42991030585301293
350,0.4282203719617015
351,0.4265603763967339
352,0.4249328910164092
353,0.4233406771290683
354,0.42178669208953035
355,0.4202740956217869
356,0.41880625576226244
357,0.4173867543031494
358,0.416019391599401
359,0.4147081905859505
360,0.41345739983371466
361,0.41222487425154275
362,0.4110084752194983
363,0.4098061292829245
364,0.4086158245171481
365,0.4074356070093354
366,0.4062635774672291
367,0.4050978879627141
368,0.40393673881675524
369,0.40277837563115015
370,0.40162108647174943
371,0.4004631992072307
372,0.3993550125379059
373,0.39829932070468116
374,0.3972990518010015
375,0.39635726747202943
376,0.39541953078997355
377,0.3944840529940663
378,0.39354908820164003
379,0.39267113926454733
380,0.3918531141846191
381,0.391098034464384
382,0.39040903224058765
383,0.3897893464702116
384,0.38917651179368634
385,0.38856863647704326
386,0.38796388080902683
387,0.3873604527456176
388,0.38675660376216
389,0.3861506249084576
390,0.38554084306219
391,0.38492561737616204
392,0.38430333591517635
393,0.38367241247874045
394,0.38303128360633465
395,0.3823784057626045
396,0.38171225270056935
397,0.3810313130017662
398,0.3803340877931808
399,0.3796190886418459
400,0.3788848356291273
401,0.3781298556079615
402,0.37735268064769323
403,0.3766176323409443
404,0.3759263528140211
405,0.3752805424600191
406,0.3746819595145124
407,0.15634841343607705
408,0.15612984911254824
409,0.15580203768893713
410,0.1553650327134571
411,0.15481891947407359
412,0.1541638231924828
413,0.15339991836541036
414,0.15252743967823446
415,0.1515466950069718
416,0.1504580811303962
417,0.1492621028976872
418,0.147959396742306
419,0.146550759604097
420,0.14503718452387904
421,0.14341990441354333
422,0.1417004457858304
423,0.13988031919120875
424,0.13796131164693004
425,0.13605178033189996
426,0.13415291362940138
427,0.132266024740584
428,0.13039199417035696
429,0.12853116048940227
430,0.1266838186862457
431,0.12485022260459737
432,0.12303058723212439
433,0.1212250908499325
434,0.11943455647672821
435,0.11766055317274278
436,0.1159040422562643
437,0.11416527895361414
438,0.112444487569865
439,0.11074185951160746
440,0.10905755848635644
441,0.10739172211684687
442,0.10574446344662804
443,0.10411587234259223
444,0.10250601679964166
445,0.10091494415228876
446,0.09934358322180542
447,0.09779383259556353
448,0.0962677184808056
449,0.09476740263649086
450,0.09329518992197787
451,0.0918535352546518
452,0.09044504972612268
453,0.08907250558050528
454,0.08773883970971004
455,0.08644715527151986
456,0.08520072098921086
457,0.08400296765032515
458,0.08285748129170205
459,0.08176799254391466
460,0.08073697635725699
461,0.07976587297762762
462,0.07885744750186542
463,0.07801550887550189
464,0.07724389932658529
465,0.07654646026493225
466,0.07592699356453163
467,0.07538921866883094
468,0.07493672621822663
469,0.07457292916571488
470,0.07430101259919468
471,0.07412388370267202
472,0.07404412343785771
473,0.07406394158889039
474,0.07418461760159797
475,0.07440602681463458
476,0.07472715009889559
477,0.0751465300159114
478,0.0756622992439055
479,0.07627221575341586
480,0.07697370321522015
481,0.07776389500749964
482,0.07863968018391787
483,0.07959774985673486
484,0.08063464261879975
485,0.0817460087679157
486,0.08292676556981449
487,0.08417199093558811
488,0.08547695378554276
489,0.08683713639402715
490,0.08824824961773575
491,0.0897062419709212
492,0.09120730351065268
493,0.09274786545072689
494,0.09432459634915331
495,0.09593439562375518
496,0.09757529155642666
497,0.45847628579341243
498,0.458698583790942
499,0.4590323696155099
500,0.4594778645422065
501,0.46003527865027255
502,0.4607048009242599
503,0.46148658601263787
504,0.46238073736189095
505,0.463385569507248
506,0.4645009364117368
507,0.4657286121833701
508,0.4670666187105367
509,0.4685148929579002
510,0.47007339362290357
511,0.471744077072558
512,0.47352680252455104
513,0.4754212835406786
514,0.477427048348194
515,0.4794320541978068
516,0.48143558588866114
517,0.48343700437494314
518,0.48543545627000667
519,0.48742998285260597
520,0.48941951507037024
521,0.4914028682320654
522,0.4933787363752298
523,0.49534568629526493
524,0.49730215122160526
525,0.4992517420079584
526,0.5011962217333549
527,0.5031290180685665
528,0.5050514190178947
529,0.5069690455653292
530,0.5088728162040217
531,0.5107609926750881
532,0.5126440522725808
533,0.5145232314586867
534,0.5163997094294137
535,0.5182746090508037
536,0.5201489976370737
537,0.522023887566387
538,0.5239002367304952
539,0.5257789488148752
540,0.5276608734062077
541,0.5295468059241599
542,0.5314374873744407
543,0.5333336039200105
544,0.5352357862671776
545,0.5371446088630805
546,0.5390605889007795
547,0.5409841851278409
548,0.5429157964539207
549,0.5448557603524279
550,0.5468043510508842
551,0.5487617775041017
552,0.5507281811437601
553,0.5527036333973987
554,0.5546881329692361
555,0.5566816028746022
556,0.5586838872190942
557,0.5606947477128797
558,0.5627138599098456
559,0.5647408091605278
560,0.5667612932325448
561,0.5687756484825842
562,0.5707841575980435
563,0.5727870481053182
564,0.5747844907776323
565,0.5767765979330856
566,0.5787634216140688
567,0.5807449516395359
568,0.5827211135218927
569,0.5846917662404616
570,0.5866566998635938
571,0.5886156330115887
572,0.5905682101525903
573,0.5925139987236294
574,0.5944524860689323
575,0.5963830761875495
576,0.5983050862822872
577,0.6002177431018334
578,0.6021201790678959
579,0.6040114281791031
580,0.6058904216833825
581,0.6077559835105317
582,0.6096068254567572
583,0.611441542113083
584,0.6132586055297633
585,0.6150563596091674
586,0.6168330142201187
587,0.6185866390273324
588,0.620315157030515
589,0.6220163378088828
590,0.6236877904683737
591,0.625326956290783
592,0.626959034342417
593,0.6285857013308029
594,0.6302032665410221
595,0.6317883202144995
596,0.6333383385857604
597,0.6348506307811901
598,0.6363223316060163
599,0.6377503941089377
600,0.639131581942136
601,0.6404624615404455
602,0.641781786366728
603,0.6430916635298953
604,0.6443941146377262
605,0.6456910808289846
606,0.6469844274417799
607,0.6482759483299323
608,0.6495673698390522
609,0.6508603544537542
610,0.6521565041269639
611,0.6534573633016723
612,0.6547644216348013
613,0.6560791164320677
614,0.6574028348019102
615,0.6587369155356833
616,0.6600826507204447
617,0.6613959899333988
618,0.5009116328813474
619,0.5006902310490023
620,0.5003584769445438
621,0.49991662453272434
622,0.4993649598751001
623,0.4987038186551404
624,0.49793360811327086
625,0.4970548338796611
626,0.49606813229818564
627,0.4949743089462469
628,0.4937743841722406
629,0.4924696465949271
630,0.4910617156356782
631,0.48955261428320446
632,0.487944853417185
633,0.4862402479663705
634,0.48444344708756126
635,0.4825483882033918
636,0.48067154571801357
637,0.4788153128475863
638,0.47698229498389566
639,0.475158269421044
640,0.47335973529409003
641,0.4715875432110524
642,0.46983751272764784
643,0.4680976692570657
644,0.46637694686037
645,0.4646841298567602
646,0.4630005341142007
647,0.46132452985802513
648,0.45965453324494865
649,0.4579890050680655
650,0.4563342511282851
651,0.45471177138591007
652,0.45312425890839675
653,0.451541696696064
654,0.44996250843487917
655,0.44838516044352633
656,0.4468081603472349
657,0.445265175402983
658,0.443758710839468
659,0.44229144101403134
660,0.4408662142352063
661,0.43948605723961837
662,0.43815417922892613
663,0.4368299525475146
664,0.435511587249368
665,0.43423358556435704
666,0.4329606520418175
667,0.43169104773502776
668,0.43042307732783547
669,0.4291550867171264
670,0.42788546075241773
671,0.4266300120696283
672,0.4253708618244975
673,0.42415569128535147
674,0.4229366706024984
675,0.4217122489031585
676,0.42053171946072493
677,0.41937995623892615
678,0.41827569108853563
679,0.4172214963525444
680,0.4162019585539899
681,0.41523658205145947
682,0.4142886260069406
683,0.41336928172242066
684,0.41244899114712097
685,0.4115260727495296
686,0.41059887994024297
687,0.4096657982782791
688,0.40872524285737266
689,0.40783476925848167
690,0.40699673982258244
691,0.4062136135486466
692,0.4054879448575449
693,0.4048223817387096
694,0.4042196632137511
695,0.4036826160475603
696,0.40321415063390953
697,0.40281725597926415
698,0.40242828567213873
699,0.4020421265745643
700,0.40165699334143007
701,0.40133914510964647
702,0.4010219660853405
703,0.40077445928736394
704,0.4005993149283083
705,0.40047296453254166
706,0.40038175200235504
707,0.40032457909169067
708,0.4002687086466942
