Step,Distance
1,0.028888886676418007
2,0.028888860121377397
3,0.028888733945799078
4,0.028888344183829934
5,0.028887402479186114
6,0.028885460154604442
7,0.028881871988027136
8,0.02887575963148839
9,0.028866021464268893
10,0.02885172292173191
11,0.02883173961040339
12,0.02880423240306526
13,0.028766974256645622
14,0.028717311479859065
15,0.028652124511091975
16,0.028567788274311168
17,0.028461485278863136
18,0.028331650209874076
19,0.0281752871785986
20,0.02798747259577991
21,0.027762648799035144
22,0.02752983278014045
23,0.027458236530277385
24,0.027574078514637876
25,0.027872556037159643
26,0.028345386342281866
27,0.028981473509031068
28,0.029767737341648434
29,0.030689963240010238
30,0.031733560704283785
31,0.03288416493708954
32,0.03412806153451205
33,0.03545244702165011
34,0.03684555536790719
35,0.03829668556990804
36,0.03979616267713685
37,0.04133612799769154
38,0.04291066844312009
39,0.04451480669959342
40,0.04614412143696488
41,0.0477946807301198
42,0.049462981250865096
43,0.051145893778654195
44,0.05284061501845994
45,0.054544625391076795
46,0.056255652294546474
47,0.05797163826818342
48,0.05969177591484231
49,0.06141431680803901
50,0.06313661849993554
51,0.06485724749357268
52,0.06657488069746065
53,0.06828829231888374
54,0.06999634254656165
55,0.07169796776524333
56,0.07339217208211263
57,0.07507801997723303
58,0.0767546299180694
59,0.07842116880190933
60,0.080076847110253
61,0.08172091467643869
62,0.08335265698235633
63,0.08497221934421267
64,0.08657893620832789
65,0.08817134636807966
66,0.08974884965041681
67,0.37763430898047257
68,0.3774427365738952
69,0.37715838913549976
70,0.37678336340760454
71,0.3763198626069849
72,0.37577023251903974
73,0.3751370017730185
74,0.37442292674574473
75,0.37363104159944466
76,0.3727647140114088
77,0.3718277071966232
78,0.3708242488554007
79,0.3697591076911474
80,0.36863767813175835
81,0.3674660738425576
82,0.3662133356940246
83,0.3648787941754285
84,0.3634616115352731
85,0.36196076022827167
86,0.3603750019269232
87,0.3587028670616837
88,0.3569426348986746
89,0.35513235329651127
90,0.35331021613733693
91,0.3514742466601871
92,0.3496225072591621
93,0.34775310043399427
94,0.34586417014595855
95,0.34395390362258255
96,0.34202053365841834
97,0.3400623414634657
98,0.3380776601158556
99,0.3360648786810241
100,0.3340224470659622
101,0.33194888168424325
102,0.3298427720154572
103,0.327702788151493
104,0.325527689431835
105,0.3233163342807537
106,0.3210710940848116
107,0.318763634524731
108,0.3164510087554071
109,0.3141324011385744
110,0.31180702576129143
111,0.3094741330462545
112,0.3071338430980254
113,0.3047862861691472
114,0.30243079725290684
115,0.30006676388815046
116,0.29769438706865153
117,0.29531460650346164
118,0.29292830072781806
119,0.29053629318000457
120,0.2881393582538225
121,0.285738227342586
122,0.2833335948914922
123,0.28092612447609405
124,0.2785164549254306
125,0.2761046307822345
126,0.2736906920317428
127,0.2712748594967462
128,0.2688567693147904
129,0.26643587404243474
130,0.2640122074661904
131,0.26158580872773124
132,0.2591561732098175
133,0.25672282545233
134,0.254285839565399
135,0.2518457957893921
136,0.24940324024907462
137,0.24695869092583783
138,0.2445126436979613
139,0.242065578472387
140,0.23961796543256075
141,0.237170271427991
142,0.23472296653226304
143,0.2322765307973055
144,0.22983146123274126
145,0.22738827904008221
146,0.22494753713239107
147,0.222509827970673
148,0.22007579174870717
149,0.21764612495813673
150,0.215221589365333
151,0.21280302143068935
152,0.2103913421994446
153,0.20798756769068233
154,0.20559281980758165
155,0.2032083377870468
156,0.20083549020018118
157,0.19847578750634912
158,0.196130895152342
159,0.19380176378691646
160,0.19148847579170583
161,0.18919197224194226
162,0.18691420988838123
163,0.18465732613125735
164,0.18242365287166185
165,0.18021573054977133
166,0.17803509722136127
167,0.17588209396558294
168,0.1737569672798449
169,0.17165987344086395
170,0.16959088259041646
171,0.16754998256242887
172,0.16553708246719193
173,0.16355201604765773
174,0.16159454482196245
175,0.15966436102552875
176,0.15776109036533803
177,0.15588429459822425
178,0.1540334739443373
179,0.15220806934624367
180,0.1504090370193058
181,0.14863896647172545
182,0.14690058428488026
183,0.1451967610806633
184,0.14352880407646731
185,0.14189632247333472
186,0.14030061208740174
187,0.1387447852723163
188,0.1372320976229164
189,0.13576594951886053
190,0.13434988584447144
191,0.1329875935861922
192,0.13168289699579658
193,0.13043975000227984
194,0.12926222556072062
195,0.1281545016450481
196,0.12712084362617485
197,0.12616558282973142
198,0.1252930911403689
199,0.1245059313815596
200,0.12380415386277703
201,0.12318702236690068
202,0.12265596796658211
203,0.12221466950255908
204,0.12186422324677677
205,0.12160306186872642
206,0.12142939485822496
207,0.12134363565503907
208,0.1213484236891655
209,0.12144620491161856
210,0.12163672838270821
211,0.12191706470061917
212,0.12228412349371891
213,0.12273704739546584
214,0.12327479434715768
215,0.12389381581184397
216,0.09063931888626231
217,0.08888696738907624
218,0.08716820510149345
219,0.08548204414361388
220,0.0838275406566491
221,0.08220379632094021
222,0.08060995995395596
223,0.4586674509516906
224,0.45848881560282523
225,0.45822429537797493
226,0.457876305939263
227,0.4574474033206016
228,0.45694032440842847
229,0.4563580315792844
230,0.4557037619243064
231,0.4549810815302311
232,0.4541939453168149
233,0.453346762948345
234,0.4524444713375908
235,0.451492614238235
236,0.4504974293689147
237,0.4494659434189422
238,0.4484060751406868
239,0.44732674652204446
240,0.4462380017371308
241,0.4451511331741326
242,0.4440788133131801
243,0.4430352305489268
244,0.4419996739731943
245,0.44104079445657796
246,0.440109727777751
247,0.43920329312789425
248,0.4383984722950033
249,0.43770085764827055
250,0.4371161773677773
251,0.4365617131200225
252,0.43603413024081367
253,0.4355302057743214
254,0.4350468212161899
255,0.43458095532983876
256,0.4341296770705242
257,0.43369013864542444
258,0.4332595687327038
259,0.43283526587807786
260,0.43241459208373817
261,0.4319949666015384
262,0.43157385993997405
263,0.4311487880927011
264,0.4307173069950155
265,0.43027700721386586
266,0.42982550887651155
267,0.4293604568428739
268,0.42887951612691017
269,0.4283803675729618
270,0.4278607037939758
271,0.42731822537977626
272,0.4267506373851502
273,0.4262426950071859
274,0.4257096270374203
275,0.4251491399528752
276,0.4245589376256165
277,0.42402422619716423
278,0.4234598022307773
279,0.4228939588208115
280,0.42229540488348133
281,0.42174977178297923
282,0.42125938613436265
283,0.42082662491461464
284,0.42045391401369814
285,0.42005539513223256
286,0.4197171280363622
287,0.41944157374105545
288,0.41923123437812787
289,0.41908864942705637
290,0.41901639113305866
291,0.41901705907027886
292,0.4190029642829687
293,0.41897185813507626
294,0.4189215000097156
295,0.41884965229401033
296,0.41875407562345085
297,0.4187219748814314
298,0.4186661195263364
299,0.4186737917925806
300,0.41874735319126055
301,0.4188891798659106
302,0.4191016572833508
303,0.4193871741139861
304,0.4197481152685056
305,0.4201868540576804
306,0.4207057434419121
307,0.42130710633730006
308,0.4219932249452552
309,0.42276632907300976
310,0.4236285834127196
311,0.4245820737471537
312,0.4256287920501042
313,0.3776323534562754
314,0.37743645730409964
315,0.3771396903387427
316,0.3767400726549021
317,0.37623557957143067
318,0.375624128197516
319,0.37490356711946815
320,0.37407166946925274
321,0.3731261297478946
322,0.3720645649027021
323,0.37088452029998137
324,0.36958348139798375
325,0.3681588921121757
326,0.3666081810809428
327,0.3649287972893603
328,0.3631182567969142
329,0.36120714501702567
330,0.3591964398329591
331,0.35707869570818535
332,0.35486283334879287
333,0.35254980496182403
334,0.3501406063483237
335,0.34769079375922646
336,0.34525517544687917
337,0.3428025812046536
338,0.340338092197021
339,0.33785171799813335
340,0.3353435884424978
341,0.33284528724603857
342,0.33035173738438506
343,0.32783805349018075
344,0.32533319275371303
345,0.3228394065301311
346,0.3203271049272112
347,0.3177966374170342
348,0.31527767164492027
349,0.312769921487854
350,0.31024567875884
351,0.3077054331613649
352,0.3051498980753576
353,0.3025800309945201
354,0.29999705578560215
355,0.297402486868602
356,0.2947981554075206
357,0.2921862375866682
358,0.28956928502620544
359,0.2869502573608722
360,0.28434773832707677
361,0.28176033605762507
362,0.279186686699009
363,0.276625458667012
364,0.27407535680902434
365,0.2715351265333698
366,0.2690035579637371
367,0.2664794901752254
368,0.26396181556755466
369,0.261449484430562
370,0.2589415097572215
371,0.2564369723600183
372,0.2539350263475642
373,0.25143490501982824
374,0.2489359272422199
375,0.24643750436098763
376,0.2439391477248977
377,0.24144047688089526
378,0.2389412285143235
379,0.23644126620718045
380,0.2339405910906837
381,0.23143935347089242
382,0.22893796625422397
383,0.22643726358937222
384,0.22393697979559166
385,0.2214369747324984
386,0.2189372445606797
387,0.2164373634446316
388,0.21393784220397466
389,0.21143889067754149
390,0.20894088587758602
391,0.20644438668752882
392,0.2039479533576409
393,0.20145108756755464
394,0.19895340170420772
395,0.19645726460901292
396,0.193960147079141
397,0.19146481580647712
398,0.18897176136335367
399,0.18648166779605593
400,0.18399341323728635
401,0.18150443042046355
402,0.17901409184275321
403,0.17652187332974384
404,0.1740329815456523
405,0.17154807387121843
406,0.16906801799027396
407,0.8019238272318084
408,0.8018423197298601
409,0.8017145831448859
410,0.801536907115794
411,0.8013054901055148
412,0.8010164035581397
413,0.8006655568966983
414,0.8002486634096659
415,0.7997612071305421
416,0.7991984108825728
417,0.7985552057420247
418,0.7978262022709672
419,0.797005663987418
420,0.796141706438226
421,0.7952331227690146
422,0.7942865780294375
423,0.7932740544183786
424,0.7922272811664456
425,0.7911496955192022
426,0.7899993790353046
427,0.7887853475906298
428,0.7874627921436229
429,0.7860559483322539
430,0.7846772718538116
431,0.7833283620539807
432,0.7820108677992426
433,0.7807264926007128
434,0.779394680733349
435,0.7780134102754346
436,0.776580691897141
437,0.7750945742406652
438,0.7735531502600727
439,0.7719545646077182
440,0.7702970221630979
441,0.7685974755389801
442,0.7668364824413281
443,0.7650124629128651
444,0.7631239396146925
445,0.761253644404231
446,0.7594026336120804
447,0.7575719827662318
448,0.7557627940894649
449,0.7539762036468247
450,0.7522133881763564
451,0.7504755716313658
452,0.7487337908044811
453,0.7469423958869655
454,0.7451044110372832
455,0.7432848107086705
456,0.7414898935282942
457,0.7397208836371948
458,0.7379790680895155
459,0.7362362913057492
460,0.7344492067745214
461,0.7326691411565156
462,0.7309168004836903
463,0.7291319959537227
464,0.7273751589077697
465,0.7256004862279903
466,0.7237830886526132
467,0.7219306964292151
468,0.7201044283547577
469,0.7183055499721155
470,0.716465004282486
471,0.7146516653597005
472,0.7128516511605062
473,0.7110809208125486
474,0.7093409325723561
475,0.7076332365521972
476,0.7059594799624577
477,0.7043214121788228
478,0.7027208896203064
479,0.701159880419056
480,0.6995710155133834
481,0.6979523771548817
482,0.6963020900109229
483,0.6946183236009404
484,0.6928992953529781
485,0.6911432743293704
486,0.6893716120971031
487,0.6876050890759083
488,0.6858563839299353
489,0.6840701696926724
490,0.6822448111966775
491,0.6804481121165791
492,0.6786814878930869
493,0.6769464448671771
494,0.6752445856276822
495,0.6735776141897208
496,0.6719365328045076
497,0.6702647696721359
498,0.6685605005273318
499,0.6668219495638148
500,0.6650664802383627
501,0.6633431274704705
502,0.6615848039208517
503,0.6597898132230846
504,0.6579565178977265
505,0.6560833448733858
506,0.6541687918737769
507,0.6522114347431509
508,0.6502099357890195
509,0.6481630532280168
510,0.6460696518281213
511,0.6439287148481898
512,0.641774396951325
513,0.6396143777917809
514,0.6374073101501532
515,0.6351524959683572
516,0.6328786768103207
517,0.6306027455632089
518,0.6283051208912163
519,0.6259705904932658
520,0.623643439114961
521,0.6213335557480186
522,0.6190412943367306
523,0.616767058267186
524,0.6145113071471221
525,0.6122745634483054
526,0.6100574190436596
527,0.6078605416670411
528,0.6056846813193748
529,0.6035306766406883
530,0.6013994612634126
531,0.5992920701580655
532,0.5972096459780611
533,0.5951534454058323
534,0.5931248454976568
535,0.5911253500195037
536,0.5891024396455629
537,0.5870954395441188
538,0.5850642247418985
539,0.5830617438591889
540,0.5810349933769159
541,0.5789824931796759
542,0.576903866446008
543,0.5747968002251385
544,0.5727018465407211
545,0.5705779514074344
546,0.5684239091762802
547,0.5662790429952896
548,0.564157629028765
549,0.562006994532574
550,0.5598259999006862
551,0.5576671432948379
552,0.555531401529919
553,0.5534198587844591
554,0.5513337130774666
555,0.549221420728726
556,0.5470816919157672
557,0.5449660962813594
558,0.5428231699832637
559,0.5406629366591623
560,0.5385260408039589
561,0.5363612952450189
562,0.5341716058022317
563,0.5320041407901006
