Episode,Reward
1,39.511742707456435
2,-13.679720233558466
3,42.95885336533226
4,8.93430569306637
5,-6.13465649534875
6,-0.6896152614074609
7,-2.178923417794966
8,-7.6291735018267595
9,-5.490395655994856
10,-13.594278517729176
11,0.14488868373593888
12,1.0
13,-4.637228135974716
14,-3.756303660083585
15,1.5656901997453545
16,-7.400504224603257
17,-7.949144835644635
18,-5.461332408987712
19,-6.2111099890152275
20,-0.43477312857520545
21,-8.967045688845978
22,-5.227255028373033
23,-7.303853120407799
24,-5.5728512708710625
25,-3.790278531304338
26,-1.3501101581541413
27,-5.964936182141926
28,-5.5843370594163915
29,-3.064479706448136
30,-3.064479706448136
