Episode,Reward
1,-23.25521376262593
2,-15.2543357261454
3,-11.662473004394425
4,-3.9682605811933946
5,-4.421457316111699
6,1.0
7,11.56065256618902
8,1.0
9,5.459814991172827
10,45.68621210443652
11,-14.379285025157454
12,-2.849001136639753
13,-7.492432540410205
14,-8.371729102028855
15,36.66432930711002
16,51.90249315976382
17,-2.564572032167142
18,-7.747731490164018
19,-13.855458334823627
20,-31.2718447739143
21,-2.599542575072828
22,-3.8539919060739294
23,-11.656254941094751
24,-5.570908438514277
25,-8.93061231510828
26,2.7409419292016075
27,1.0
28,-25.077244743737523
29,-16.31084401226371
30,-6.658462068052188
31,-7.085805798325161
32,1.0
33,-3.6310936901943727
34,-9.11667648376019
35,-0.37601952788411097
36,-0.2519413955080019
37,1.0
38,-6.708344463307519
39,-9.081054860006716
40,-13.70766409984956
41,1.0
42,-4.420817630015083
43,-3.5331994741329744
44,-24.807439832406644
45,-2.501358613122946
46,1.0
47,-6.862094997874387
48,-7.03335101130876
49,-4.492581009665994
50,-7.281811620757026
51,-15.565575391928297
52,12.400594096549867
53,-1.6450872909745193
54,-6.516777018487854
55,-23.573218849599137
56,-13.571573549202624
57,-18.451066242084774
58,-13.50931289917519
59,-2.4864561271085854
60,-4.4209959268755235
61,-10.306674249980635
62,-37.63740600161242
63,-17.91764457413521
64,39.112518855121685
65,57.292178259642526
66,-18.930796248138527
67,6.690356650510797
68,61.65088507674881
69,-7.910186089672141
70,-71.5049943463444
71,-11.256445147488348
72,0.6622586968306301
73,-7.622195510330357
74,75.46479333379412
75,-15.167043178052968
76,-19.623211451937248
77,-50.4790833472803
78,46.013323561934286
79,5.870493036580072
80,-7.8636341533439875
81,69.56854028187388
82,-12.007012506042525
83,-8.720692811752127
84,-5.176247634037264
85,-11.721201782039156
86,7.118335503363838
87,24.287918065731397
88,42.1921080946142
89,22.802854142571597
90,-9.483092533161255
91,-30.284526738255774
92,-6.018627510726446
93,13.219525800824421
94,-11.83851213734556
95,-0.02546835992593799
96,1.3603721665903805
97,-14.61836541182445
98,-11.66228767420469
99,-5.14069537182522
100,-8.61400229366248
