Step,Distance
1,0.3776323534562754
2,0.37743645730409964
3,0.3771455800246821
4,0.37675389126339276
5,0.37625942456197725
6,0.3756601629445104
7,0.3749540253905524
8,0.3741388563744668
9,0.37321241872802124
10,0.37217239019376963
11,0.37101636416071315
12,0.3697657815708476
13,0.3684224123667824
14,0.3669881152900523
15,0.3654648712633742
16,0.3638548206969552
17,0.36216030524987153
18,0.3603839146479016
19,0.3585909899279848
20,0.3567807754701826
21,0.35495257238262756
22,0.35310574252194754
23,0.3512397130230524
24,0.3493539813790911
25,0.34744812111585516
26,0.34555648080083795
27,0.34367934506258396
28,0.3418170724556789
29,0.339970099155328
30,0.3381052690465224
31,0.3362220465980807
32,0.33431996898927424
33,0.33239865198290425
34,0.33045779645553536
35,0.32851244649019123
36,0.3265475500759915
37,0.3245630210922552
38,0.3225588841151193
39,0.3205669420217986
40,0.31858707988807383
41,0.316619243339377
42,0.3146628767101629
43,0.3126892189519716
44,0.3106982084295825
45,0.30868989325963214
46,0.3066644408155931
47,0.304622148160301
48,0.3025634534746916
49,0.3004889485543016
50,0.298399392447371
51,0.29629572630979445
52,0.29417908955238975
53,0.29205083735458737
54,0.2899125596151919
55,0.28776610140475517
56,0.2856135849745727
57,0.28345743336355944
58,0.2813003956252139
59,0.2791455736713805
60,0.27699645069618845
61,0.2748569211008374
62,0.2727313217860637
63,0.27062494294971207
64,0.2685452054342129
65,0.2664954772605945
66,0.26447385515439
67,0.26247847448677664
68,0.26050750974934955
69,0.2585591747657583
70,0.2566317226892025
71,0.25472344582874457
72,0.2528326753422367
73,0.25095778082928166
74,0.2490971698539422
75,0.24724928742378013
76,0.24541261544920934
77,0.24358567220498242
78,0.2417852885488087
79,0.24001468576148333
80,0.23827736149149784
81,0.23657710184695854
82,0.23491799286524126
83,0.23329889963887002
84,0.23169898276406437
85,0.23011639928883051
86,0.22854934894846227
87,0.2269960725134244
88,0.22545485013242672
89,0.22392399968635662
90,0.22240187516711962
91,0.22088686509410965
92,0.21937739097998427
93,0.21787190585660637
94,0.21636889287144814
95,0.2148668639643851
96,0.21336435863464556
97,0.43228116280927203
98,0.4324476258456981
99,0.43269735714903695
100,0.4330304077062097
101,0.4334469067612859
102,0.4339470729403811
103,0.43453123676387373
104,0.4351996761068094
105,0.43595249382484996
106,0.43678969993073313
107,0.4377111882868742
108,0.43871671308548044
109,0.4398058649143641
110,0.44097804616560343
111,0.4422324455031228
112,0.4435687692123171
113,0.4449875067038096
114,0.44648937277929757
115,0.44799182712058505
116,0.4494958007807479
117,0.4510022166941351
118,0.45251198806413884
119,0.45402601674819154
120,0.4555442601689603
121,0.45706574747439527
122,0.45858951915910506
123,0.46011462402274395
124,0.461640116130393
125,0.4631651807565154
126,0.4646899362895886
127,0.46621530180380577
128,0.4677421900954543
129,0.46927150600918444
130,0.4708041447731153
131,0.47234099033065463
132,0.4738829136572952
133,0.4754307710509542
134,0.47698540238469045
135,0.47854755039636565
136,0.48011764924124156
137,0.48169531172569846
138,0.48327956532645905
139,0.4848694615773006
140,0.48646407290227806
141,0.4880633497110363
142,0.4896680993259868
143,0.4912782613588374
144,0.4928936349324186
145,0.49451486423542357
146,0.49614188147196525
147,0.49777378937323824
148,0.4994097100743892
149,0.5010487819168515
150,0.5026909736674422
151,0.5043370681493787
152,0.5059870252892403
153,0.5076404384689305
154,0.5092969080471528
155,0.5109556044729375
156,0.5126157080133106
157,0.5142764055864292
158,0.5159376873246889
159,0.5176003398162967
160,0.5192651422198707
161,0.5209320738108218
162,0.5226003248310763
163,0.5242690918885231
164,0.525937574799802
165,0.527604973442762
166,0.5292712829303863
167,0.5309364971649161
168,0.5325998106026367
169,0.5342612178183562
170,0.5359215166922322
171,0.5375807011987591
172,0.5392379593437191
173,0.5408924728273078
174,0.5425434139147026
175,0.544189942302326
176,0.5458312019763198
177,0.5474670426471203
178,0.5490973089912041
179,0.5507211106014722
180,0.5523375341940296
181,0.5539465319398086
182,0.5555489446937178
183,0.5571447337542114
184,0.5587338637633634
185,0.5603172008523553
186,0.5618956201979666
187,0.5634700037858907
188,0.5650412382825348
189,0.5666102129988961
190,0.5681778179309267
191,0.5697449418615137
192,0.57131247050986
193,0.5728812847146182
194,0.5744522586376308
195,0.5760262579755716
196,0.5776041381671266
197,0.5791858660697295
198,0.5807714084357873
199,0.5823616021087865
200,0.5839564046707316
201,0.5855549126302376
202,0.5871562364436675
203,0.5887594974209629
204,0.5903646795781679
205,0.5919724226665694
206,0.5935832472029978
207,0.5951971477187433
208,0.5968142297417108
209,0.5984353061209433
210,0.6000611768742242
211,0.6016926272491033
212,0.6033304257405211
213,0.6049753220535343
214,0.6066280449997021
215,0.6082893003157057
216,0.6099597683927305
217,0.611640101905063
218,0.6133301334853304
219,0.6150289185387512
220,0.6167355503685799
221,0.6184491567232412
222,0.6201688963769924
223,0.621893955744392
224,0.6236235455280605
225,0.6253572701873759
226,0.6270949121595982
227,0.6288365961889084
228,0.6305822782629579
229,0.6323312181634669
230,0.6340826915731756
231,0.6358359868152552
232,0.6375904016175212
233,0.6393452398978298
234,0.6410998085668775
235,0.6428534143442971
236,0.6446053605838322
237,0.6463549441032288
238,0.6481014520143985
239,0.6498441585493733
240,0.6515823218775648
241,0.6533151809098935
242,0.6550419520854254
243,0.6567618492493175
244,0.6584748325023848
245,0.6601808363803159
246,0.6618790080889132
247,0.6635684629896956
248,0.6652482812920804
249,0.6669175047109697
250,0.6685760015055099
251,0.670224123922705
252,0.671861612254492
253,0.6734885999541412
254,0.6751058707062393
255,0.676714230269281
256,0.6783145035358347
257,0.6799066296967644
258,0.6814905317219455
259,0.6830661292150053
260,0.6846324318290892
261,0.6861890447556154
262,0.6877355602410347
263,0.6892709228395072
264,0.6907950370149689
265,0.6923088006107154
266,0.6938131294651545
267,0.6953089548069086
268,0.6967962262528969
269,0.69827489698634
270,0.6997449175847772
271,0.7012052183609315
272,0.7026547009154028
273,0.7040922350925463
274,0.7055168877048665
