Step,Distance
1,0.3776323534562754
2,0.37743645730409964
3,0.3771396903387427
4,0.3767400726549021
5,0.37623557957143067
6,0.375624128197516
7,0.37490356711946815
8,0.37407166946925274
9,0.3731261297478946
10,0.3720645649027021
11,0.37088452029998137
12,0.36958348139798375
13,0.3681588921121757
14,0.3666081810809428
15,0.3649287972893603
16,0.3631182567969142
17,0.3611742026474087
18,0.35909448042109604
19,0.35699402090333016
20,0.35490690720976276
21,0.3528326155278995
22,0.3507706643886862
23,0.3487206172567463
24,0.3466820851427078
25,0.34465472926080676
26,0.3426110480846862
27,0.34055151514011506
28,0.33850290115387854
29,0.336439514707881
30,0.3343620444948969
31,0.3322713478385533
32,0.3301684649306709
33,0.3280546342305816
34,0.3259313090831095
35,0.32382071309793437
36,0.32170856795235103
37,0.31959037890409175
38,0.3174850715338268
39,0.31539165628460225
40,0.3132947867754522
41,0.3111963930970181
42,0.30909866261995345
43,0.3070040595437601
44,0.3049153455577092
45,0.3028431635506625
46,0.30078614483497457
47,0.29874295714041965
48,0.29671230527700926
49,0.29469293175972977
50,0.29268361742321897
51,0.29068373952040844
52,0.28869383727930115
53,0.2867156946355679
54,0.28474746611731416
55,0.2827878846818733
56,0.28083572202464047
57,0.2788972193281422
58,0.27697475374485975
59,0.2750709457335406
60,0.273188673160205
61,0.2713310856532501
62,0.2695016190759946
63,0.2677040099469451
64,0.26594230960044307
65,0.2642208978380503
66,0.26254449577407674
67,0.26091817752729923
68,0.2593183039722404
69,0.25774277883297214
70,0.25622156942894975
71,0.2547599634531665
72,0.25336358055228975
73,0.25203837380310945
74,0.25079062798986307
75,0.24961738650359416
76,0.24850788345627692
77,0.2474373111535419
78,0.24640294660005185
79,0.2454576875470321
80,0.24454888573480876
81,0.243673856213002
82,0.2428300088902392
83,0.24201484407181645
84,0.10268267533350087
85,0.10247092460326251
86,0.10215160400638615
87,0.10172358433596594
88,0.10118571634879095
89,0.10053681906520257
90,0.09977567185559465
91,0.09890101046599763
92,0.09791152732601666
93,0.09680587670203848
94,0.09558268552104493
95,0.09424057101384894
96,0.09279385655585637
97,0.09124363317463875
98,0.08959108143723576
99,0.08783751785159767
100,0.08598445252114208
101,0.08403366108485145
102,0.08209492434389284
103,0.08016919409433128
104,0.07825763370107879
105,0.07636164246638735
106,0.0744828829623468
107,0.07262331157179994
108,0.07078521244272755
109,0.068971234987698
110,0.06718443493809853
111,0.06542831877393372
112,0.06370689107069798
113,0.06202470390731932
114,0.060386906932287036
115,0.05879929595787918
116,0.05726835702089839
117,0.05580130170719694
118,0.05440608821806825
119,0.0530914212527239
120,0.051866722478088476
121,0.050742062460698116
122,0.04972804488324215
123,0.04883563520170844
124,0.0480759291671419
125,0.04745986221013361
126,0.046997868497988364
127,0.04669950774856427
128,0.046573087006782095
129,0.046625311282668065
130,0.046779367332783664
131,0.04710938505158506
132,0.04753508476293558
133,0.04805015153742064
134,0.04864824813240185
135,0.049323111132488634
136,0.050068631780908236
137,0.05087892050416461
138,0.05174835537668219
139,0.052671615680938026
140,0.05371834699958643
141,0.054809682872228975
142,0.0560136407695688
143,0.05732553464013114
144,0.05874048105986739
145,0.06025349193524802
146,0.06178884910131095
147,0.06334313333665491
148,0.06497955675062354
149,0.06669382011030464
150,0.06847380733757594
151,0.07025951578455562
152,0.07211059939157592
153,0.07402342494389293
154,0.07599446852289395
155,0.07796126347067771
156,0.07992298621832514
157,0.0818904844032865
158,0.08390397273782595
159,0.0859608159385656
160,0.08805842604639733
161,0.0901442635493
162,0.09221842278296981
163,0.094281054735768
164,0.09633235327474932
165,0.09665397169411966
166,0.09636769729884892
167,0.09615131324765516
168,0.096006961473328
169,0.0959366486273992
170,0.09594222642014073
171,0.07028707365535003
172,0.07174990520297486
173,0.07323814865298517
174,0.07475015062260959
175,0.07628433633012954
176,0.07783920614514983
177,0.07941333210107526
178,0.08100633488871178
179,0.08261827908656016
180,0.08424919813051912
181,0.08589960643034078
182,0.08756995611264906
183,0.08926063132159956
184,0.09097194207899961
185,0.09270411767294373
186,0.09445729954263471
187,0.09623153362571735
188,0.09802674676624124
189,0.09984235387329798
190,0.10167733428395653
191,0.10353065644437698
192,0.10540127848970826
193,0.8019238272318084
194,0.8018423197298601
195,0.8017145831448859
196,0.801536907115794
197,0.8013054901055148
198,0.8010164035581397
199,0.8006655568966983
200,0.8002486634096659
201,0.7997612071305421
202,0.7992362069111684
203,0.7986402600019148
204,0.7979879921193286
205,0.7973022156750128
206,0.7965864603221616
207,0.7958444726200361
208,0.7950802587640942
209,0.794298128874296
210,0.7935027430133522
211,0.7927413970897396
212,0.7920154466421468
213,0.7913262962836288
214,0.7906471299325968
215,0.789947199969039
216,0.7892177502192825
217,0.7884573639893966
218,0.7876646265620217
219,0.7868381252505375
220,0.7859764497430922
221,0.7850781927553819
222,0.7841419510138322
223,0.78316632659382
224,0.7821499286408272
225,0.7810913755059445
226,0.7799892973309923
227,0.778842339122725
228,0.777649164360166
229,0.7764084591841228
230,0.7751189372234101
231,0.7737793451182727
232,0.7723884688080526
233,0.7709451406572517
234,0.7694482475019483
235,0.7678967397069898
236,0.7662896413336137
237,0.7646260615271798
238,0.7629052072455269
239,0.7611263974602017
240,0.7592890789753958
241,0.7573928440229232
242,0.7554374498059232
243,0.7534228401791525
244,0.7513491696696203
245,0.749230307225375
246,0.7470913037561712
247,0.7449331934373519
248,0.7427570282442928
249,0.7405638777885438
250,0.7383548291385638
251,0.7361309866241456
252,0.7338934716235813
253,0.731643422332612
254,0.7293819935141582
255,0.7271103562278143
256,0.7248296975380614
257,0.7225412202001328
258,0.7202461423224407
259,0.7179456970044662
260,0.71564113194899
261,0.7133337090475387
262,0.7110247039379091
263,0.7087154055326377
264,0.7064071155172766
265,0.704101147817355
266,0.7017988280329128
267,0.699501492839513
268,0.6972104893546747
269,0.6949271744686932
270,0.6926529141388625
271,0.6903890826461678
272,0.6881370618135715
273,0.6858982401850864
274,0.6836851728357444
275,0.6814962562301292
276,0.6793230853460467
277,0.6771566705806903
278,0.6750009466262736
279,0.6728647548039054
280,0.6707512125731399
281,0.6686617284525795
282,0.6665977087816188
283,0.664560556496771
284,0.6625514695116181
285,0.6605710297006335
286,0.658621577943881
287,0.6567044909413584
288,0.654816171183739
289,0.6529544099515382
290,0.6511170633314467
291,0.6493020508724825
292,0.6475073540967013
293,0.6457496358251851
294,0.6440122497609925
295,0.6423154787519564
296,0.10268267533350087
297,0.10247328733877785
298,0.10216111594119373
299,0.10174757146586456
300,0.10123421761039138
301,0.10062282149612509
302,0.09991541310137039
303,0.09911435579821694
304,0.09822243004252504
305,0.09724293262707609
306,0.09617979429242222
307,0.09503771887901283
308,0.09382234756048222
309,0.09254045195666702
310,0.09120015997901508
311,0.08981121794175555
312,0.08838529152351021
313,0.0869363062134478
314,0.08555595738906484
315,0.08425139265338255
316,0.08303021410799931
317,0.08190044066750282
318,0.08087045211109069
319,0.07994891273052364
320,0.07914467315445586
321,0.07846665002794712
322,0.07792368470376465
323,0.07752438389631267
324,0.07727694721783397
325,0.07718898843695035
326,0.07722481343022178
327,0.07734145377041357
328,0.07753427327012219
329,0.07779870804580886
330,0.07813029057837405
331,0.07855617484701972
332,0.07912834430546624
333,0.0798481020859434
334,0.0807159363591612
335,0.08173152641796724
336,0.082858256021336
337,0.08407982266034347
338,0.08539148514067997
339,0.08678843872591692
340,0.08826586797524011
341,0.0898189924322031
342,0.0914431050760589
343,0.09313360375368265
344,0.09484195583715387
345,0.09663406904768726
346,0.09849609211613677
347,0.10040766157518549
348,0.10232380207841117
349,0.10424240635941698
350,0.10616167598330951
351,0.10808007980896879
352,0.10999631752323676
353,0.11190928766657644
354,0.11388417474011046
355,0.11585288895054366
356,0.11781479171043877
357,0.11976936384495741
358,0.12171618672811921
359,0.12365492581548274
360,0.12558531624559915
361,0.12750715022586584
362,0.12942026595633965
363,0.13137379375279828
364,0.13336628246443072
365,0.13539621604045923
366,0.1374620083000747
367,0.13956199706801967
368,0.1416486850939737
369,0.14373373287361074
370,0.3776323534562754
371,0.37743645730409964
372,0.3771396903387427
373,0.3767400726549021
374,0.37623557957143067
375,0.375624128197516
376,0.37490356711946815
377,0.37407166946925274
378,0.3731261297478946
379,0.3720645649027021
380,0.37088452029998137
381,0.36958348139798375
382,0.3681588921121757
383,0.3666081810809428
384,0.3649287972893603
385,0.36314958013526455
386,0.3612391067470747
387,0.35922910399126506
388,0.35719841170019784
389,0.3551473685578701
390,0.35307646214863236
391,0.3509863423590169
392,0.34887783598595434
393,0.34675196262977814
394,0.3446099519506894
395,0.3424532623660594
396,0.3403033542616057
397,0.33816777574967927
398,0.3360456561817569
399,0.33393616172219587
400,0.33183849736951493
401,0.3297360754302919
402,0.3276249366509631
403,0.3255066733723522
404,0.3233831173281828
405,0.3212563588669345
406,0.31912876744884716
407,0.31700301342159215
408,0.31488209105682713
409,0.3127693428028063
410,0.31066848467436403
411,0.3085836326598457
412,0.3065193299736894
413,0.30448066755529696
414,0.3024724516139616
415,0.30049643271181165
416,0.29855437189638967
417,0.29664383614209117
418,0.29476271028072515
419,0.29290892930896434
420,0.29108047791347746
421,0.28927538977415657
422,0.2874917466917194
423,0.2857276775799133
424,0.28398135735741015
425,0.28225100577008555
426,0.2805348861706806
427,0.27883130427969394
428,0.2771386069487417
429,0.27545518094543536
430,0.2737794517770446
431,0.27210988256878593
432,0.2704449730114522
433,0.2688133084997519
434,0.2672178137902397
435,0.26566162913236935
436,0.2641481167831525
437,0.26264437834403115
438,0.26118600757462906
439,0.2597766547624966
440,0.2584201955915578
441,0.25712073349292675
442,0.2558373773853221
443,0.2545682071463282
444,0.25335810615553567
445,0.2522112337398552
446,0.25113195075350064
447,0.2500714878261006
448,0.24902779858661925
449,0.24799889252333393
450,1.1444087564395973
451,1.1444974895977715
452,1.1446253130264599
453,1.144788655442278
454,1.145001647320422
455,1.1452465895490798
456,1.1455197142415
457,1.1458170793109839
458,1.146134525194868
459,1.1464676296649192
460,1.1468116605741505
461,1.1472054922063684
462,1.1476525572351293
463,1.1481564886957014
464,1.1487211506824522
465,1.1493506677877647
466,1.1500494531652596
467,1.15082223503621
468,1.1516103115428666
469,1.1523679153231974
470,1.1531589075728834
471,1.153932288014191
472,1.1546744174388626
473,1.1553839389255391
474,1.1560594439052483
475,1.1566994700121165
476,1.1573024990261318
477,1.1578669549153162
478,1.1584577543145893
479,1.1590762207772443
480,1.1597236653895597
481,1.1604013872660992
482,1.1611106737803814
483,1.161852800526706
484,1.1626290310074334
485,1.163440616038485
486,1.16428879286432
487,1.1651747839720699
488,1.166099795592933
489,1.1670650158772984
490,1.1680716127283801
491,1.1691207312774137
492,1.1702134909816408
493,1.1712855344387179
494,1.172400894365625
495,1.1735606425472251
496,1.174765816717316
497,1.1760174163575405
498,1.1772511807844062
499,1.1785308508576362
500,1.1798573527301885
501,1.1812315625391068
502,1.1825895647630662
503,1.1839306768476083
504,1.185254195940105
505,1.1865593954260174
506,1.1878455216016806
507,1.1891117904663056
508,1.1903573846177513
509,1.1915814502383806
510,1.1927830941589614
511,1.1939613809901322
512,1.1951153303124389
513,1.196243913917395
514,1.1973460530934201
515,1.1984206159519197
516,1.199466414790156
517,1.2004822034889877
518,1.2014666749450336
519,1.2024184585383257
520,1.2033361176381534
521,1.2042785406301626
522,1.2052469713139435
523,1.206242629856866
524,1.2072667126753789
525,1.2083203920410208
526,1.2094048154052792
527,1.2104614614870643
528,1.2114891334003512
529,1.2124865763020913
530,1.2134524748459286
531,1.214385450674906
532,1.2152840599560797
533,1.2161467909616903
534,1.2169720617034347
535,1.2177582176284074
536,1.2185035293875288
537,1.2192061906897358
538,1.2199279171657984
539,1.2206700892911446
540,1.221434063694536
541,1.2222211744979674
542,1.223032734390757
543,1.2238700354390164
544,1.2247343496302807
545,1.225626929151657
546,1.2265490063984634
547,1.2275017937089208
548,1.2284864828190587
549,1.2295042440305741
550,1.2305562250829436
551,1.2316435497196239
552,1.2327673159366725
553,1.233928593900587
554,1.2350669180447431
555,1.2361813120989849
556,1.2372707562656395
557,1.2383341844871636
558,1.239370481768476
559,1.2404392073766772
560,1.2414808454383295
561,1.2424942318235193
562,1.2435091579186304
563,1.2445552708638967
564,1.2456337133639293
565,1.246745602885589
566,1.2478920301437255
567,1.2490740572682064
568,1.2502927156390953
569,1.2515490033752925
570,1.2528438824603292
571,1.2541782754873354
572,1.2555530620034552
573,1.2569690744321607
574,1.2584270935499953
575,1.2599278434922905
576,1.2614168428270598
577,1.262948043024656
578,1.264522062896166
579,1.266080357322508
580,1.2676806648191363
581,1.2692653438143364
582,1.270891215716445
583,1.272501563515008
584,1.2740959594435863
585,1.2754214162476305
586,1.2766290113156145
587,1.277848286771288
588,0.10268267533350087
589,0.10247328733877785
590,0.10216111594119373
591,0.10174757146586456
592,0.10123421761039138
593,0.10062282149612509
594,0.09991541310137039
595,0.09911435579821694
596,0.09822243004252504
597,0.09724293262707609
598,0.09617979429242222
599,0.09503771887901283
600,0.09382234756048222
601,0.09254045195666702
602,0.09120015997901508
603,0.08981121794175555
604,0.08838529152351021
605,0.0869363062134478
606,0.08555209059450448
607,0.08424301010805964
608,0.08301593816290785
609,0.08182988086731297
610,0.0806837381241933
611,0.07957643653354568
612,0.07850692818026898
613,0.0774741894162573
614,0.0764772196437406
615,0.07551504010583192
616,0.07464567069585198
617,0.07387271347291512
618,0.07320516296397458
619,0.07264941104851756
620,0.07214336183262075
621,0.07175450866794052
622,0.07148836077590572
623,0.07131144198221266
624,0.07120441648728175
625,0.07115022521032648
626,0.07114644804973201
627,0.07119067622274651
628,0.07130200226598384
629,0.07145753526619784
630,0.07165485736169283
631,0.07189159205868512
632,0.07216540926465952
633,0.07254780191860946
634,0.07303940611514505
635,0.07364041303333055
636,0.07435057379836658
637,0.07510487388202038
638,0.07596417262969354
639,0.07692724991472291
640,0.07799254654895768
641,0.07915819495426031
642,0.08042205186195465
643,0.08178173165783065
644,0.0832346391176338
645,0.08477800045411339
646,0.08633488429725891
647,0.08797478845596773
648,0.089675651254192
649,0.09138276307940627
650,0.09316272352588538
651,0.09494488075101948
652,0.09672787721218506
653,0.0985105340041965
654,0.10035317508818606
655,0.10225349929843665
656,0.10420916631496212
657,0.10621779537831957
658,0.10827696233034564
659,0.11038419504950875
660,0.11252680989869644
661,0.11465603679607232
662,0.11677197357088341
663,0.11887478069967913
664,0.12096466745084164
665,0.12304188006443431
666,0.12353605720187567
667,0.12381541574160397
668,0.12415355037932962
669,0.1245483662414202
670,0.12499773433797542
671,0.12550086016953338
672,0.12605688838752852
673,0.126663569164
674,0.1273201007841761
675,1.1444106074249645
676,1.1445101272556633
677,1.144664848001796
678,1.1448785332069622
679,1.1451550879318055
680,1.1454985885772326
681,1.145913311153135
682,1.1464037577719668
683,1.1469746810673827
684,1.1476311061468627
685,1.1483783495821205
686,1.1492220348202338
687,1.1501681032599225
688,1.1512228200791408
689,1.152392773720149
690,1.153684867734533
691,1.1551063034615363
692,1.1566645517572285
693,1.1582771122126054
694,1.1599444407670316
695,1.1616668839055653
696,1.163444667074288
697,1.1652778821202867
698,1.1671664736877356
699,1.169110224496376
700,1.1710408046892662
701,1.1729581034051837
702,1.1748620260531435
703,1.1767524882556581
704,1.1786294103038397
705,1.1804927120614979
706,1.1823423082620657
707,1.1842265290085128
708,1.1860969831532033
709,1.1879536167545117
710,1.1898250625872422
711,1.1917348002870134
712,1.1936689101955786
713,1.1955913942863248
714,1.1975001460256278
715,1.199395195044772
716,1.2012765465399595
717,1.2031441781330883
718,1.2049980368761026
719,1.2068826556404264
720,1.2087979831263798
721,1.2104513573547395
722,1.2120074999765837
723,1.21358045424295
724,1.2151708651134192
725,1.2167788982121948
726,1.2184037637393939
727,1.2200442061969785
728,1.2216991297420694
729,1.223367490146527
730,1.2250481955125925
731,1.2267404446758767
732,1.2284434716808852
733,1.2301563093840158
734,1.2318780333348804
735,1.2336077583070637
736,1.235344634865441
737,1.2370878459701267
738,1.2388366036163578
739,1.2405901455089665
740,1.2423484200588029
741,1.2441120609045273
742,1.245881681937385
743,1.2476578200222193
744,1.2494403244906964
745,1.2512284444327086
746,1.2530214574289675
747,1.2548186661773713
748,1.256619395157589
749,1.2584232059874123
750,1.2602302878760536
751,1.2620412220301438
752,0
753,0.02888889110135931
754,0.02888891765639992
755,0.02888904383197824
756,0.028889433593947383
757,0.028890375298591203
758,0.028892317623172875
759,0.02889590578975018
760,0.028902018146288927
761,0.028911803166073863
762,0.028926716920628787
763,0.02894856107161395
764,0.028979521412011156
765,0.029022206964591624
766,0.029079689614104648
767,0.029155544206367706
768,0.02925388898958961
769,0.029379426197440384
770,0.02953748247566723
771,0.02972292112177788
772,0.029937301584747278
773,0.030182189962684264
774,0.030459929107148086
775,0.030848635724059128
776,0.0313918320646522
777,0.0320830838192676
778,0.03291286534787854
779,0.03386960490559039
780,0.03494240493511367
781,0.03612030897707523
782,0.03739321933636625
783,0.03875200488525236
784,0.04018698401671185
785,0.04168952733463217
786,0.04325185934771995
787,0.04486735418710643
788,0.04653098795255768
789,0.04823735283023874
790,0.04998109041019733
791,0.051757503839347706
792,0.053562937248757554
793,0.05539453569309192
794,0.057249636094140015
795,0.059125489616041076
796,0.06101919194574594
797,0.06292822755309077
798,0.06485055513485241
799,0.0667845384404048
800,0.06872897590082237
801,0.07068294936378071
802,0.07264541977137719
803,0.0746153176525893
804,0.07659177404034057
805,0.07857383188199142
806,0.08056060331173635
807,0.0825513153664948
808,0.08454516457826394
809,0.08654146034033773
810,0.08853952147881035
811,0.09053871192392267
812,0.09253851051178251
813,0.09453849668161343
814,0.0965383378390382
815,0.09853776238036117
816,0.10053650063312282
817,0.10253426817700659
818,0.10453075190095362
819,0.10652562958899978
820,0.1085186928706487
821,0.11050975952864421
822,0.11249868138210124
823,0.11448534393588486
824,0.11646947803897346
825,0.11845091966290859
826,0.12042957120648487
827,0.12240511400016572
828,0.12437731130262547
829,0.12634611180039856
830,0.12831143519978358
831,0.1302729999276224
832,0.13223033479230015
833,0.1341829256273427
